396	300.4747	0.27629
397	299.9962	0.27629
398	299.9817	0.27629
399	299.4903	0.27628
400	299.4745	0.27628
401	298.9924	0.27627
402	298.9779	0.27627
403	298.487	0.27626
404	298.4688	0.27626
405	297.987	0.27625
406	297.9751	0.27625
407	297.4875	0.27625
408	297.4717	0.27625
409	296.9914	0.27624
410	296.9769	0.27624
411	296.488	0.27623
412	296.4708	0.27623
413	295.9904	0.27622
414	295.9741	0.27623
415	295.4883	0.27622
416	295.4749	0.27622
417	294.9965	0.27621
418	294.9854	0.27621
419	294.4897	0.2762
420	294.4747	0.2762
421	293.9919	0.27619
422	293.9754	0.27619
423	293.4892	0.27619
424	293.4751	0.27619
425	292.9896	0.27618
426	292.9767	0.27618
427	292.4932	0.27617
428	292.4779	0.27617
429	291.9936	0.27616
430	291.9753	0.27616
431	291.4858	0.27615
432	291.4678	0.27615
433	290.9907	0.27615
434	290.9739	0.27615
435	290.4914	0.27614
436	290.4774	0.27614
437	289.9886	0.27613
438	289.9754	0.27613
439	289.4926	0.27612
440	289.4755	0.27612
441	288.9867	0.27611
442	288.9711	0.27611
443	288.4888	0.27611
444	288.476	0.27611
445	287.9872	0.2761
446	287.9728	0.2761
447	287.4912	0.27609
448	287.4757	0.27609
449	286.9925	0.27609
450	286.9781	0.27609
451	286.4857	0.27608
452	286.471	0.27608
453	285.9918	0.27607
454	285.9792	0.27607
455	285.4966	0.27606
456	285.4786	0.27606
457	284.9918	0.27605
458	284.9748	0.27605
459	284.4969	0.27604
460	284.4817	0.27604
461	283.9956	0.27604
462	283.9796	0.27604
463	283.4908	0.27603
464	283.4792	0.27603
465	282.9891	0.27602
466	282.9734	0.27602
467	282.4921	0.27601
468	282.4792	0.27601
469	281.9939	0.27601
470	281.9768	0.27601
471	281.495	0.276
472	281.4793	0.276
473	280.9905	0.27599
474	280.9737	0.27599
475	280.483	0.27598
476	279.9931	0.27597
477	279.9789	0.27597
478	279.493	0.27596
479	279.4759	0.27596
480	278.9831	0.27595
481	278.9691	0.27596
482	278.4854	0.27595
483	278.47	0.27595
484	277.9921	0.27594
485	277.9747	0.27594
486	277.4857	0.27593
487	277.4735	0.27593
488	276.9882	0.27592
489	276.9726	0.27592
490	276.4871	0.27591
491	276.4709	0.27591
492	275.986	0.27591
493	275.9695	0.27591
494	275.491	0.2759
495	275.4736	0.2759
496	274.9915	0.27589
497	274.9775	0.27588
498	274.488	0.27588
499	274.4749	0.27588
500	273.9908	0.27587
501	273.9757	0.27587
502	273.4862	0.27586
503	273.4737	0.27586
504	272.9908	0.27585
505	272.9783	0.27585
506	272.4906	0.27584
507	272.4747	0.27584
508	271.9909	0.27583
509	271.9719	0.27583
510	271.4898	0.27582
511	271.4757	0.27582
512	270.9919	0.27581
513	270.9751	0.27581
514	270.494	0.2758
515	270.4804	0.2758
516	269.9905	0.27579
517	269.9753	0.27579
518	269.4909	0.27578
519	269.4752	0.27578
520	268.9877	0.27578
521	268.9709	0.27578
522	268.4968	0.27577
523	268.4832	0.27577
524	267.9895	0.27576
525	267.9773	0.27576
526	267.4899	0.27575
527	267.4758	0.27575
528	266.9842	0.27574
529	266.9677	0.27574
530	266.4957	0.27573
531	266.4786	0.27573
532	265.9905	0.27572
533	265.974	0.27572
534	265.4927	0.27571
535	265.4805	0.27571
536	264.9961	0.2757
537	264.9768	0.2757
538	264.4901	0.27569
539	264.47	0.27569
540	263.9917	0.27568
541	263.9809	0.27568
542	263.4941	0.27567
543	263.48	0.27567
544	262.9924	0.27566
545	262.9745	0.27566
546	262.4939	0.27566
547	262.479	0.27565
548	261.9931	0.27564
549	261.9796	0.27565
550	261.4848	0.27564
551	260.9921	0.27563
552	260.9747	0.27563
553	260.4898	0.27562
554	260.476	0.27562
555	259.9912	0.27561
556	259.9762	0.27561
557	259.4948	0.2756
558	259.4811	0.2756
559	258.9875	0.27559
560	258.971	0.27559
561	258.496	0.27558
562	258.4772	0.27558
563	257.9937	0.27557
564	257.9764	0.27557
565	257.4944	0.27556
566	257.4782	0.27556
567	256.9977	0.27555
568	256.9828	0.27555
569	256.4867	0.27554
570	256.4707	0.27554
571	255.9839	0.27553
572	255.9695	0.27553
573	255.4926	0.27552
574	255.4753	0.27552
575	254.9835	0.27551
576	254.9701	0.27551
577	254.4938	0.2755
578	254.4783	0.2755
579	253.9861	0.27549
580	253.9724	0.27549
581	253.4904	0.27548
582	253.4749	0.27548
583	252.988	0.27547
584	252.9703	0.27547
585	252.4798	0.27546
586	252.4664	0.27546
587	251.994	0.27544
588	251.9769	0.27545
589	251.4896	0.27543
590	251.4764	0.27543
591	250.9915	0.27542
592	250.9743	0.27542
593	250.4725	0.27541
594	250.4599	0.27541
595	249.9907	0.2754
596	249.9757	0.2754
597	249.4965	0.27539
598	249.4741	0.27539
599	248.9973	0.27538
600	248.9822	0.27538
601	248.4874	0.27537
602	248.4672	0.27536
603	247.9931	0.27535
604	247.9868	0.27535
605	247.4912	0.27534
606	247.4646	0.27534
607	246.9905	0.27533
608	246.9811	0.27533
609	246.4892	0.27532
610	246.4653	0.27532
611	245.9901	0.27531
612	245.9821	0.27531
613	245.4927	0.2753
614	245.476	0.2753
615	244.9891	0.27529
616	244.9613	0.27528
617	244.4853	0.27527
618	244.4729	0.27527
619	243.9889	0.27526
620	243.9744	0.27526
621	243.4936	0.27525
622	243.4783	0.27525
623	242.9884	0.27524
624	242.9743	0.27524
625	242.4895	0.27522
626	242.4725	0.27522
627	241.9971	0.27521
628	241.9816	0.27521
629	241.4961	0.2752
630	241.4819	0.2752
631	240.9877	0.27519
632	240.9744	0.27519
633	240.4889	0.27518
634	240.4757	0.27518
635	239.9897	0.27518
636	239.9769	0.27517
637	239.4891	0.27516
638	239.4758	0.27517
639	238.9896	0.27515
640	238.9741	0.27515
641	238.4877	0.27514
642	238.4706	0.27514
643	237.9983	0.27513
644	237.9829	0.27513
645	237.4891	0.27512
646	236.9862	0.2751
647	236.9729	0.2751
648	236.4873	0.27508
649	236.4714	0.27508
650	235.9886	0.27507
651	235.9739	0.27507
652	235.4911	0.27505
653	235.4759	0.27505
654	234.9939	0.27503
655	234.9809	0.27503
656	234.4849	0.27501
657	234.4704	0.27501
658	233.9856	0.27499
659	233.9683	0.27499
660	233.4952	0.27497
661	233.4769	0.27497
662	232.9895	0.27495
663	232.9707	0.27495
664	232.4864	0.27493
665	232.47	0.27494
666	231.9956	0.27492
667	231.9804	0.27492
668	231.4957	0.2749
669	231.4805	0.2749
670	230.9868	0.27489
671	230.9714	0.27489
672	230.4853	0.27487
673	230.4706	0.27487
674	229.9875	0.27485
675	229.9735	0.27485
676	229.4875	0.27484
677	229.4714	0.27484
678	228.9903	0.27483
679	228.9766	0.27483
680	228.4945	0.27481
681	228.4779	0.27481
682	227.9959	0.2748
683	227.9802	0.2748
684	227.4977	0.27478
685	227.4828	0.27478
686	226.9887	0.27477
687	226.9731	0.27477
688	226.4917	0.27476
689	225.9896	0.27474
690	225.9738	0.27475
691	225.49	0.27473
692	225.4765	0.27473
693	224.992	0.27472
694	224.9787	0.27472
695	224.4927	0.27471
696	224.4802	0.27471
697	223.9922	0.2747
698	223.9772	0.2747
699	223.492	0.27468
700	223.4771	0.27468
701	222.9847	0.27467
702	222.9698	0.27467
703	222.4928	0.27466
704	222.4767	0.27466
705	221.9885	0.27465
706	221.9738	0.27465
707	221.4969	0.27464
708	221.4825	0.27464
709	220.9851	0.27463
710	220.9702	0.27463
711	220.4832	0.27462
712	220.4687	0.27461
713	219.9884	0.27461
714	219.9714	0.27461
715	219.4901	0.27459
716	219.4721	0.27459
717	218.992	0.27459
718	218.9774	0.27458
719	218.4933	0.27457
720	218.4799	0.27457
721	217.9895	0.27456
722	217.9751	0.27456
723	217.4935	0.27455
724	217.4747	0.27455
725	216.9956	0.27454
726	216.9795	0.27454
727	216.4875	0.27453
728	216.4743	0.27453
729	215.9899	0.27452
730	215.9741	0.27452
731	215.4935	0.27451
732	215.4779	0.27451
733	214.9932	0.2745
734	214.9814	0.27449
735	214.495	0.27448
736	214.4794	0.27449
737	213.991	0.27448
738	213.9759	0.27448
739	213.4893	0.27446
740	213.4723	0.27446
741	212.9906	0.27445
742	212.976	0.27445
743	212.4884	0.27444
744	212.4723	0.27444
745	211.9892	0.27443
746	211.9748	0.27443
747	211.4867	0.27442
748	211.4709	0.27442
749	210.9936	0.27441
750	210.9758	0.27441
751	210.4916	0.2744
752	210.4748	0.2744
753	209.9905	0.27439
754	209.9756	0.27439
755	209.4893	0.27438
756	209.4754	0.27438
757	208.9882	0.27437
758	208.975	0.27437
759	208.4888	0.27436
760	208.4759	0.27436
761	207.9879	0.27435
762	207.9757	0.27435
763	207.4899	0.27434
764	207.4756	0.27434
765	206.9914	0.27433
766	206.977	0.27432
767	206.4887	0.27432
768	206.4753	0.27431
769	205.9956	0.27431
770	205.9796	0.2743
771	205.4899	0.27429
772	205.4739	0.27429
773	204.989	0.27428
774	204.9763	0.27428
775	204.4859	0.27428
776	204.4722	0.27428
777	203.9889	0.27427
778	203.9772	0.27427
779	203.4945	0.27426
780	203.4804	0.27426
781	202.9898	0.27425
782	202.9745	0.27425
783	202.4864	0.27424
784	202.4694	0.27424
785	201.9911	0.27422
786	201.9755	0.27422
787	201.4894	0.27422
788	201.4758	0.27422
789	200.9912	0.27421
790	200.9762	0.2742
791	200.4918	0.2742
792	200.4767	0.2742
793	199.9961	0.27419
794	199.9815	0.27419
795	199.4903	0.27418
796	199.4733	0.27418
797	198.9979	0.27417
798	198.9793	0.27417
799	198.489	0.27416
800	198.4738	0.27416
801	197.9938	0.27415
802	197.9757	0.27415
803	197.4896	0.27414
804	197.4746	0.27414
805	196.992	0.27413
806	196.9749	0.27413
807	196.489	0.27412
808	196.4754	0.27412
809	195.9867	0.27411
810	195.9729	0.27411
811	195.487	0.27411
812	195.4698	0.27411
813	194.9944	0.2741
814	194.9782	0.2741
815	194.4911	0.27409
816	194.4762	0.27409
817	193.9924	0.27408
818	193.9777	0.27408
819	193.4792	0.27407
820	193.4673	0.27407
821	192.9931	0.27407
822	192.9795	0.27407
823	192.4871	0.27406
824	192.4714	0.27406
825	191.9882	0.27405
826	191.9725	0.27405
827	191.4907	0.27404
828	191.4743	0.27404
829	190.9936	0.27404
830	190.9782	0.27404
831	190.4914	0.27403
832	190.4779	0.27403
833	189.9871	0.27402
834	189.9736	0.27402
835	189.4912	0.27401
836	189.4748	0.27401
837	188.9901	0.27401
838	188.9738	0.27401
839	188.4924	0.274
840	188.4757	0.274
841	187.9888	0.27399
842	187.9736	0.27399
843	187.4927	0.27399
844	187.4794	0.27398
845	186.9904	0.27398
846	186.9755	0.27398
847	186.4912	0.27397
848	186.4747	0.27397
849	185.9898	0.27397
850	185.9744	0.27396
851	185.4931	0.27396
852	185.477	0.27396
853	184.9923	0.27395
854	184.9766	0.27395
855	184.4856	0.27394
856	184.4707	0.27394
857	183.9928	0.27394
858	183.9809	0.27394
859	183.494	0.27393
860	183.4779	0.27393
861	182.9885	0.27392
862	182.9748	0.27392
863	182.4913	0.27392
864	182.4773	0.27392
865	181.9929	0.27391
866	181.9783	0.27391
867	181.489	0.2739
868	181.4739	0.2739
869	180.9895	0.2739
870	180.9737	0.2739
871	180.4902	0.27389
872	180.4763	0.27389
873	179.9881	0.27388
874	179.9744	0.27388
875	179.4928	0.27388
876	179.4767	0.27388
877	178.9951	0.27387
878	178.9786	0.27387
879	178.4852	0.27387
880	178.4682	0.27387
881	177.9909	0.27386
882	177.9772	0.27386
883	177.4919	0.27385
884	177.4756	0.27386
885	176.993	0.27385
886	176.9768	0.27385
887	176.4875	0.27384
888	176.4745	0.27384
889	175.9902	0.27384
890	175.9718	0.27384
891	175.4924	0.27383
892	175.4783	0.27383
893	174.9852	0.27382
894	174.9706	0.27382
895	174.485	0.27382
896	174.4725	0.27382
897	173.9941	0.27381
898	173.9788	0.27381
899	173.4954	0.27381
900	173.4801	0.27381
901	172.9943	0.2738
902	172.9811	0.2738
903	172.4936	0.27379
904	172.4788	0.2738
905	171.9952	0.27379
906	171.9789	0.27379
907	171.4933	0.27379
908	171.4799	0.27379
909	170.9906	0.27379
910	170.9765	0.27379
911	170.4911	0.27378
912	170.4744	0.27378
913	169.9919	0.27378
914	169.9733	0.27378
915	169.4924	0.27377
916	169.4806	0.27377
917	168.9866	0.27377
918	168.97	0.27377
919	168.4895	0.27376
920	168.4759	0.27376
921	167.9867	0.27375
922	167.9689	0.27375
923	167.4881	0.27375
924	167.4729	0.27375
925	166.9965	0.27375
926	166.9801	0.27375
927	166.4922	0.27374
928	166.4778	0.27374
929	165.9889	0.27374
930	165.9751	0.27374
931	165.489	0.27373
932	165.4745	0.27373
933	164.9884	0.27373
934	164.973	0.27373
935	164.4858	0.27372
936	164.4706	0.27372
937	163.9878	0.27372
938	163.973	0.27372
939	163.4832	0.27372
940	163.4673	0.27372
941	162.9861	0.27371
942	162.9706	0.27371
943	162.4899	0.27371
944	162.4768	0.27371
945	161.9873	0.2737
946	161.9728	0.2737
947	161.4874	0.2737
948	161.4719	0.2737
949	160.9939	0.27369
950	160.9756	0.27369
951	160.4893	0.27368
952	160.4731	0.27368
953	159.9893	0.27368
954	159.9739	0.27368
955	159.4919	0.27368
956	159.4748	0.27368
957	158.9939	0.27367
958	158.9778	0.27367
959	158.4951	0.27367
960	157.989	0.27366
961	157.9768	0.27366
962	157.4874	0.27366
963	157.4683	0.27366
964	156.9869	0.27365
965	156.9727	0.27365
966	156.4953	0.27365
967	156.4787	0.27365
968	155.9937	0.27365
969	155.9785	0.27365
970	155.4893	0.27364
971	155.4734	0.27364
972	154.9898	0.27364
973	154.9742	0.27364
974	154.4867	0.27363
975	154.4725	0.27363
976	153.9957	0.27363
977	153.9794	0.27363
978	153.493	0.27363
979	153.4788	0.27363
980	152.9844	0.27362
981	152.9697	0.27362
982	152.4931	0.27362
983	152.4771	0.27362
984	151.9919	0.27361
985	151.9765	0.27361
986	151.4894	0.27361
987	151.4754	0.27361
988	150.9883	0.27361
989	150.9738	0.2736
990	150.4883	0.2736
991	150.4718	0.2736
992	149.9958	0.2736
993	149.979	0.2736
994	149.4924	0.2736
995	149.4808	0.2736
996	148.9938	0.27359
997	148.9798	0.27359
998	148.4912	0.27359
999	148.4791	0.27358
1000	147.9944	0.27358
1001	147.9805	0.27358
1002	147.4893	0.27358
1003	147.4744	0.27358
1004	146.9872	0.27357
1005	146.9742	0.27357
1006	146.4938	0.27357
1007	146.4806	0.27357
1008	145.9937	0.27356
1009	145.9784	0.27357
1010	145.4916	0.27356
1011	145.4771	0.27356
1012	144.9908	0.27355
1013	144.9772	0.27355
1014	144.4917	0.27355
1015	144.4779	0.27355
1016	143.9944	0.27354
1017	143.9796	0.27354
1018	143.4929	0.27354
1019	143.4783	0.27354
1020	142.9917	0.27353
1021	142.9772	0.27354
1022	142.4951	0.27353
1023	142.4784	0.27353
1024	141.9875	0.27353
1025	141.9723	0.27353
1026	141.4908	0.27352
1027	141.476	0.27352
1028	140.9945	0.27352
1029	140.9795	0.27352
1030	140.4894	0.27351
1031	140.473	0.27352
1032	139.9885	0.27351
1033	139.973	0.27351
1034	139.4909	0.27351
1035	139.4768	0.27351
1036	138.9916	0.2735
1037	138.9754	0.2735
1038	138.4951	0.2735
1039	138.4775	0.2735
1040	137.9882	0.2735
1041	137.9715	0.27349
1042	137.4926	0.27349
1043	137.4768	0.27349
1044	136.9872	0.27349
1045	136.9703	0.27349
1046	136.4872	0.27348
1047	136.4706	0.27348
1048	135.9889	0.27348
1049	135.9727	0.27348
1050	135.4851	0.27348
1051	135.4712	0.27348
1052	134.9911	0.27348
1053	134.9765	0.27347
1054	134.4916	0.27347
1055	134.4784	0.27347
1056	133.9852	0.27347
1057	133.9711	0.27347
1058	133.4896	0.27346
1059	133.4739	0.27346
1060	132.9906	0.27346
1061	132.9754	0.27346
1062	132.4937	0.27345
1063	132.482	0.27345
1064	131.988	0.27345
1065	131.9711	0.27345
1066	131.4908	0.27344
1067	131.4757	0.27344
1068	130.9932	0.27343
1069	130.9772	0.27343
1070	130.4937	0.27343
1071	130.4777	0.27343
1072	129.9852	0.27343
1073	129.972	0.27343
1074	129.4866	0.27343
1075	129.4724	0.27343
1076	128.9876	0.27342
1077	128.9727	0.27342
1078	128.491	0.27342
1079	128.4764	0.27342
1080	127.9934	0.27341
1081	127.9756	0.27341
1082	127.4928	0.27341
1083	127.4759	0.27341
1084	126.9946	0.27341
1085	126.9796	0.27341
1086	126.4848	0.2734
1087	126.4691	0.2734
1088	125.9861	0.2734
1089	125.9704	0.2734
1090	125.4872	0.27339
1091	125.472	0.27339
1092	124.9955	0.27339
1093	124.9803	0.27339
1094	124.4852	0.27339
1095	124.4704	0.27339
1096	123.9949	0.27338
1097	123.9787	0.27338
1098	123.4901	0.27338
1099	123.4774	0.27338
1100	122.9897	0.27337
1101	122.974	0.27338
1102	122.491	0.27337
1103	122.4737	0.27337
1104	121.4934	0.27336
1105	121.4789	0.27336
1106	120.996	0.27336
1107	120.9802	0.27336
1108	120.49	0.27335
1109	120.473	0.27335
1110	119.9924	0.27335
1111	119.977	0.27335
1112	119.4919	0.27335
1113	119.4772	0.27335
1114	118.9928	0.27334
1115	118.9775	0.27334
1116	118.4923	0.27334
1117	118.4788	0.27334
1118	117.985	0.27334
1119	117.9685	0.27333
1120	117.494	0.27333
1121	117.4798	0.27333
1122	116.987	0.27333
1123	116.9726	0.27333
1124	116.4915	0.27332
1125	116.4762	0.27333
1126	115.9928	0.27332
1127	115.9771	0.27332
1128	115.4926	0.27332
1129	115.4778	0.27332
1130	114.9914	0.27331
1131	114.9759	0.27331
1132	114.4913	0.27331
1133	114.4793	0.27331
1134	113.9836	0.2733
1135	113.967	0.2733
1136	113.4923	0.2733
1137	113.4772	0.2733
1138	112.9953	0.2733
1139	112.9785	0.2733
1140	112.4855	0.2733
1141	111.9892	0.2733
1142	111.9758	0.27329
1143	111.4929	0.27329
1144	111.4769	0.27329
1145	110.992	0.27329
1146	110.9754	0.27329
1147	110.4962	0.27328
1148	110.4803	0.27328
1149	109.9885	0.27328
1150	109.971	0.27328
1151	109.4885	0.27328
1152	109.4721	0.27328
1153	108.991	0.27327
1154	108.9771	0.27327
1155	108.4878	0.27327
1156	108.4751	0.27327
1157	107.9938	0.27327
1158	107.9773	0.27327
1159	107.4843	0.27326
1160	107.4699	0.27326
1161	106.9867	0.27326
1162	106.9717	0.27326
1163	106.4836	0.27325
1164	106.4721	0.27325
1165	105.9864	0.27325
1166	105.9739	0.27325
1167	105.4858	0.27325
1168	105.4716	0.27325
1169	104.9854	0.27324
1170	104.9712	0.27324
1171	104.4867	0.27324
1172	104.4743	0.27324
1173	103.9893	0.27324
1174	103.9734	0.27324
1175	103.4912	0.27323
1176	103.4763	0.27324
1177	102.9938	0.27323
1178	102.978	0.27323
1179	102.4856	0.27323
1180	102.4714	0.27323
1181	101.9914	0.27322
1182	101.976	0.27322
1183	101.4912	0.27322
1184	101.4793	0.27322
1185	100.9908	0.27322
1186	100.975	0.27322
1187	100.4914	0.27322
1188	100.4772	0.27321
1189	99.9895	0.27321
1190	99.9742	0.27321
1191	99.4984	0.27321
1192	99.4842	0.27321
1193	98.9909	0.27321
1194	98.9772	0.2732
1195	98.4951	0.2732
1196	98.481	0.2732
1197	97.9918	0.2732
1198	97.9743	0.2732
1199	97.4958	0.27319
1200	97.4823	0.27319
1201	96.9914	0.27319
1202	96.9799	0.27319
1203	96.4893	0.27319
1204	96.474	0.27318
1205	95.9942	0.27318
1206	95.9751	0.27318
1207	95.4971	0.27318
1208	95.4795	0.27318
1209	94.9925	0.27318
1210	94.9783	0.27318
1211	94.4982	0.27318
1212	94.4803	0.27318
1213	93.9947	0.27317
1214	93.9814	0.27318
1215	93.4927	0.27317
1216	93.4773	0.27317
1217	92.9879	0.27317
1218	92.9717	0.27317
1219	92.496	0.27317
1220	92.4789	0.27317
1221	91.9965	0.27316
1222	91.9819	0.27316
1223	91.4931	0.27316
1224	91.4768	0.27316
1225	90.9897	0.27316
1226	90.9731	0.27316
1227	90.4966	0.27315
1228	90.4881	0.27315
1229	89.9911	0.27315
1230	89.9776	0.27315
1231	89.4917	0.27315
1232	89.4822	0.27314
1233	88.9941	0.27314
1234	88.9716	0.27314
1235	88.4941	0.27314
1236	88.4804	0.27314
1237	87.994	0.27314
1238	87.9738	0.27314
1239	87.4872	0.27313
1240	87.4719	0.27313
1241	86.9846	0.27313
1242	86.971	0.27313
1243	86.4929	0.27312
1244	86.4754	0.27312
1245	85.9896	0.27312
1246	85.9683	0.27312
1247	85.4936	0.27311
1248	85.4787	0.27311
1249	84.9986	0.27311
1250	84.9855	0.27311
1251	84.4914	0.27311
1252	84.4809	0.27311
1253	83.9946	0.27311
1254	83.9817	0.27311
1255	83.4879	0.2731
1256	83.4715	0.2731
1257	82.9913	0.2731
1258	82.9652	0.2731
1259	82.4974	0.2731
1260	82.4767	0.2731
1261	82.0027	0.2731
1262	81.981	0.2731
1263	81.4929	0.27309
1264	81.475	0.27309
1265	81.0033	0.27309
1266	80.9908	0.27309
1267	80.4873	0.27309
1268	80.4767	0.27309
1269	79.9926	0.27309
1270	79.9664	0.27308
1271	79.48	0.27308
1272	79.4756	0.27308
1273	78.9901	0.27308
1274	78.9726	0.27308
1275	78.49	0.27308
1276	78.4769	0.27308
1277	77.9997	0.27308
1278	77.979	0.27307
1279	77.4923	0.27307
1280	77.4729	0.27307
1281	76.9908	0.27307
1282	76.9695	0.27307
1283	76.4908	0.27307
1284	76.4764	0.27307
1285	75.9912	0.27307
1286	75.9743	0.27307
1287	75.4922	0.27306
1288	75.483	0.27306
1289	74.9947	0.27306
1290	74.9748	0.27306
1291	74.4919	0.27306
1292	74.4746	0.27306
1293	73.9903	0.27306
1294	73.9739	0.27306
1295	73.4912	0.27305
1296	73.4831	0.27305
1297	72.9861	0.27305
1298	72.9804	0.27305
1299	72.4903	0.27305
1300	72.4718	0.27305
1301	71.98	0.27304
1302	71.9704	0.27304
1303	71.4858	0.27304
1304	71.4807	0.27304
1305	70.9965	0.27304
1306	70.9743	0.27304
1307	70.4939	0.27304
1308	70.4813	0.27304
1309	69.9884	0.27303
1310	69.9807	0.27303
1311	69.4956	0.27303
1312	69.4781	0.27303
1313	68.9949	0.27303
1314	68.9772	0.27303
1315	68.4892	0.27303
1316	68.4731	0.27302
1317	67.9874	0.27302
1318	67.9769	0.27302
1319	67.4874	0.27302
1320	67.4701	0.27302
1321	66.995	0.27302
1322	66.9726	0.27302
1323	66.4933	0.27302
1324	66.4822	0.27302
1325	65.994	0.27301
1326	65.9784	0.27301
1327	65.4899	0.27301
1328	65.4745	0.27301
1329	64.9884	0.27301
1330	64.9746	0.27301
1331	64.4894	0.273
1332	64.4755	0.27301
1333	63.9902	0.273
1334	63.978	0.273
1335	63.4914	0.273
1336	63.4744	0.273
1337	62.988	0.273
1338	62.9745	0.273
1339	62.4966	0.27299
1340	62.484	0.27299
1341	61.9962	0.27299
1342	61.9777	0.27299
1343	61.4906	0.27299
1344	61.4754	0.27299
1345	60.9837	0.27299
1346	60.97	0.27299
1347	60.4928	0.27298
1348	60.4744	0.27298
1349	59.9861	0.27298
1350	59.9753	0.27298
1351	59.4915	0.27298
1352	59.4793	0.27298
1353	58.9911	0.27298
1354	58.9717	0.27298
1355	58.4952	0.27297
1356	58.4753	0.27297
1357	57.9917	0.27297
1358	57.9774	0.27297
1359	57.4933	0.27297
1360	57.4771	0.27297
1361	56.996	0.27297
1362	56.9732	0.27297
1363	56.4858	0.27296
1364	56.4788	0.27296
1365	55.9942	0.27296
1366	55.9748	0.27296
1367	55.4925	0.27296
1368	55.4743	0.27296
1369	54.9857	0.27296
1370	54.971	0.27296
1371	54.495	0.27296
1372	54.4771	0.27296
1373	53.9909	0.27296
1374	53.9735	0.27295
1375	53.4881	0.27295
1376	53.4675	0.27295
1377	52.9977	0.27295
1378	52.9845	0.27295
1379	52.4848	0.27295
1380	52.4729	0.27295
1381	51.9872	0.27294
1382	51.9725	0.27295
1383	51.4968	0.27294
1384	51.481	0.27294
1385	50.9928	0.27294
1386	50.9802	0.27294
1387	50.4885	0.27294
1388	50.4707	0.27294
1389	49.9993	0.27294
1390	49.9788	0.27294
1391	49.4897	0.27294
1392	49.4768	0.27294
1393	48.9969	0.27293
1394	48.9757	0.27293
1395	48.4853	0.27294
1396	48.4677	0.27294
1397	47.9931	0.27293
1398	47.98	0.27293
1399	47.4953	0.27293
1400	47.475	0.27293
1401	46.9938	0.27293
1402	46.9734	0.27293
1403	46.4908	0.27293
1404	46.4781	0.27293
1405	45.9928	0.27293
1406	45.9722	0.27293
1407	45.4881	0.27293
1408	45.473	0.27293
1409	44.9868	0.27292
1410	44.9709	0.27292
1411	44.4913	0.27292
1412	44.4705	0.27292
1413	43.9886	0.27292
1414	43.9739	0.27292
1415	43.4922	0.27292
1416	43.4767	0.27292
1417	42.9962	0.27292
1418	42.9769	0.27292
1419	42.4906	0.27291
1420	42.4735	0.27291
1421	41.9965	0.27291
1422	41.9777	0.27291
1423	41.4991	0.27291
1424	41.48	0.27291
1425	40.9921	0.27291
1426	40.98	0.27291
1427	40.4895	0.27291
1428	40.4706	0.27291
1429	39.9866	0.27291
1430	39.9709	0.27291
1431	39.4876	0.2729
1432	39.4748	0.2729
1433	38.9919	0.2729
1434	38.9766	0.2729
1435	38.4918	0.2729
1436	38.4775	0.2729
1437	37.985	0.2729
1438	37.9732	0.2729
1439	37.4863	0.2729
1440	37.4713	0.2729
1441	36.9858	0.2729
1442	36.971	0.2729
1443	36.4937	0.2729
1444	36.4797	0.2729
1445	35.9932	0.27289
1446	35.9773	0.27289
1447	35.4939	0.27289
1448	35.4725	0.27289
1449	34.9916	0.27289
1450	34.9737	0.27289
1451	34.4932	0.27289
1452	34.4788	0.27289
1453	33.9893	0.27289
1454	33.9755	0.27289
1455	33.498	0.27289
1456	33.4839	0.27289
1457	32.9888	0.27289
1458	32.9734	0.27289
1459	32.4866	0.27289
1460	32.474	0.27289
1461	31.9924	0.27288
1462	31.9801	0.27288
1463	31.4845	0.27288
1464	31.4705	0.27288
1465	30.9819	0.27288
1466	30.9668	0.27288
1467	30.4897	0.27288
1468	30.476	0.27288
1469	29.9868	0.27288
1470	29.9732	0.27288
1471	29.4851	0.27288
1472	29.4705	0.27288
1473	28.9903	0.27288
1474	28.9749	0.27288
1475	28.488	0.27288
1476	28.4713	0.27288
1477	27.9924	0.27288
1478	27.9792	0.27288
1479	27.4905	0.27288
1480	27.4754	0.27288
1481	26.9844	0.27287
1482	26.9688	0.27287
1483	26.4922	0.27287
1484	26.4747	0.27287
1485	25.9882	0.27287
1486	25.9756	0.27287
1487	25.4898	0.27287
1488	25.4759	0.27287
1489	24.9907	0.27287
1490	24.9753	0.27287
1491	24.4887	0.27287
1492	24.4753	0.27287
1493	23.9873	0.27287
1494	23.977	0.27287
1495	23.487	0.27287
1496	23.474	0.27287
1497	22.9928	0.27287
1498	22.9816	0.27287
1499	22.4928	0.27287
1500	22.478	0.27287
1501	21.9884	0.27287
1502	21.9732	0.27287
1503	21.4851	0.27287
1504	21.4716	0.27287
1505	20.9857	0.27287
1506	20.9744	0.27287
1507	20.4994	0.27287
1508	20.4874	0.27287
1509	19.9925	0.27287
1510	19.9787	0.27287
1511	19.4976	0.27287
1512	19.4811	0.27287
1513	18.9917	0.27287
1514	18.9781	0.27287
1515	18.493	0.27287
1516	18.4776	0.27287
1517	17.9898	0.27287
1518	17.9742	0.27287
1519	17.4872	0.27287
1520	17.4723	0.27287
1521	16.996	0.27287
1522	16.9796	0.27287
1523	16.4918	0.27287
1524	16.4752	0.27287
1525	15.9903	0.27287
1526	15.9751	0.27287
1527	15.4916	0.27287
1528	15.4762	0.27287
1529	14.9887	0.27287
1530	14.9749	0.27287
1531	14.4892	0.27287
1532	14.4761	0.27287
1533	13.991	0.27287
1534	13.9739	0.27287
1535	13.4912	0.27287
1536	13.4762	0.27287
1537	12.9857	0.27286
1538	12.9715	0.27287
1539	12.4906	0.27287
1540	12.4768	0.27287
1541	11.9941	0.27287
1542	11.9797	0.27287
1543	11.4871	0.27287
1544	11.4721	0.27287
1545	10.9897	0.27287
1546	10.9743	0.27287
1547	10.4913	0.27287
1548	10.4757	0.27287
1549	9.9935	0.27287
1550	9.9814	0.27287