999	300.4476	0.27622
1000	300.427	0.27621
1001	299.9926	0.27621
1002	299.9768	0.27621
1003	299.9651	0.27621
1004	299.9503	0.27621
1005	299.9348	0.27621
1006	299.484	0.2762
1007	299.4704	0.2762
1008	299.4565	0.2762
1009	299.4405	0.2762
1010	299.4263	0.2762
1011	298.9959	0.27619
1012	298.9788	0.27619
1013	298.9631	0.27619
1014	298.9492	0.27619
1015	298.9319	0.27619
1016	298.4974	0.27618
1017	298.4769	0.27618
1018	298.4646	0.27618
1019	298.4511	0.27618
1020	298.4369	0.27618
1021	297.9881	0.27618
1022	297.972	0.27618
1023	297.9597	0.27618
1024	297.9462	0.27618
1025	297.9307	0.27618
1026	297.499	0.27617
1027	297.4798	0.27617
1028	297.4672	0.27617
1029	297.4505	0.27617
1030	297.435	0.27617
1031	296.9922	0.27616
1032	296.9784	0.27616
1033	296.9645	0.27616
1034	296.9484	0.27616
1035	296.9305	0.27616
1036	296.4897	0.27615
1037	296.4771	0.27616
1038	296.4605	0.27616
1039	296.4437	0.27616
1040	296.4286	0.27616
1041	295.9892	0.27615
1042	295.9748	0.27615
1043	295.9588	0.27615
1044	295.9435	0.27615
1045	295.9276	0.27615
1046	295.49	0.27614
1047	295.4762	0.27614
1048	295.4597	0.27614
1049	295.4463	0.27614
1050	295.4319	0.27614
1051	294.9861	0.27613
1052	294.9717	0.27613
1053	294.9553	0.27613
1054	294.9394	0.27613
1055	294.9238	0.27613
1056	294.4871	0.27613
1057	294.4727	0.27612
1058	294.4575	0.27613
1059	294.444	0.27613
1060	294.4258	0.27612
1061	293.9893	0.27612
1062	293.9749	0.27612
1063	293.9596	0.27612
1064	293.9459	0.27612
1065	293.9279	0.27612
1066	293.4853	0.27611
1067	293.47	0.27611
1068	293.4559	0.27611
1069	293.4386	0.27611
1070	293.4236	0.27611
1071	292.9963	0.2761
1072	292.984	0.2761
1073	292.9655	0.2761
1074	292.9529	0.2761
1075	292.9397	0.2761
1076	292.4967	0.27609
1077	292.4805	0.27609
1078	292.4659	0.27609
1079	292.45	0.27609
1080	292.4335	0.27609
1081	291.9911	0.27609
1082	291.9782	0.27609
1083	291.9626	0.27609
1084	291.9471	0.27609
1085	291.9297	0.27608
1086	291.4915	0.27608
1087	291.4766	0.27608
1088	291.461	0.27608
1089	291.447	0.27608
1090	291.4296	0.27608
1091	290.9909	0.27607
1092	290.9771	0.27607
1093	290.9625	0.27607
1094	290.946	0.27607
1095	290.9323	0.27607
1096	290.4865	0.27606
1097	290.4721	0.27606
1098	290.4559	0.27606
1099	290.4398	0.27606
1100	290.426	0.27606
1101	289.9955	0.27605
1102	289.9781	0.27605
1103	289.9617	0.27605
1104	289.9482	0.27605
1105	289.93	0.27605
1106	289.4906	0.27605
1107	289.4762	0.27605
1108	289.4619	0.27605
1109	289.4457	0.27604
1110	289.4323	0.27605
1111	288.9885	0.27604
1112	288.9757	0.27604
1113	288.9586	0.27604
1114	288.9422	0.27604
1115	288.9272	0.27604
1116	288.4895	0.27603
1117	288.4749	0.27603
1118	288.4614	0.27603
1119	288.4453	0.27603
1120	288.4297	0.27603
1121	287.9854	0.27602
1122	287.9734	0.27602
1123	287.9555	0.27602
1124	287.9432	0.27602
1125	287.9265	0.27602
1126	287.4884	0.27602
1127	287.4716	0.27602
1128	287.4564	0.27602
1129	287.4453	0.27601
1130	287.4289	0.27601
1131	286.9931	0.27601
1132	286.9781	0.27601
1133	286.9638	0.27601
1134	286.9473	0.27601
1135	286.9327	0.27601
1136	286.4947	0.276
1137	286.4777	0.276
1138	286.4642	0.276
1139	286.4496	0.276
1140	286.4343	0.276
1141	285.9889	0.27599
1142	285.9775	0.27599
1143	285.958	0.27599
1144	285.9446	0.27599
1145	285.9249	0.27599
1146	285.4889	0.27598
1147	285.4775	0.27598
1148	285.4623	0.27598
1149	285.4467	0.27598
1150	285.4339	0.27598
1151	284.9934	0.27598
1152	284.977	0.27598
1153	284.9633	0.27597
1154	284.9462	0.27597
1155	284.9343	0.27598
1156	284.4942	0.27597
1157	284.4775	0.27597
1158	284.4635	0.27597
1159	284.4476	0.27597
1160	284.4327	0.27597
1161	283.997	0.27596
1162	283.9842	0.27596
1163	283.9662	0.27596
1164	283.9528	0.27596
1165	283.9371	0.27596
1166	283.4904	0.27595
1167	283.4773	0.27595
1168	283.4625	0.27595
1169	283.4482	0.27595
1170	283.4329	0.27595
1171	282.9915	0.27594
1172	282.9775	0.27594
1173	282.963	0.27594
1174	282.9478	0.27594
1175	282.9339	0.27594
1176	282.4937	0.27593
1177	282.4789	0.27593
1178	282.4624	0.27593
1179	282.4447	0.27593
1180	282.4316	0.27593
1181	281.9866	0.27593
1182	281.9732	0.27592
1183	281.9601	0.27592
1184	281.9467	0.27592
1185	281.9293	0.27592
1186	281.4904	0.27591
1187	281.4758	0.27591
1188	281.4615	0.27591
1189	281.4453	0.27591
1190	281.4299	0.27591
1191	280.9892	0.27591
1192	280.9727	0.27591
1193	280.9584	0.27591
1194	280.941	0.2759
1195	280.9268	0.2759
1196	280.4922	0.2759
1197	280.4779	0.2759
1198	280.4619	0.2759
1199	280.4468	0.2759
1200	280.4323	0.2759
1201	279.9925	0.27589
1202	279.9771	0.27589
1203	279.9594	0.27589
1204	279.9468	0.27589
1205	279.9315	0.27589
1206	279.4882	0.27588
1207	279.4734	0.27588
1208	279.4595	0.27588
1209	279.4427	0.27588
1210	279.4281	0.27588
1211	278.9893	0.27587
1212	278.9725	0.27587
1213	278.9599	0.27587
1214	278.9451	0.27587
1215	278.9312	0.27587
1216	278.4883	0.27586
1217	278.474	0.27586
1218	278.4606	0.27586
1219	278.4444	0.27586
1220	278.4301	0.27586
1221	277.993	0.27585
1222	277.9771	0.27585
1223	277.9614	0.27585
1224	277.9489	0.27585
1225	277.9297	0.27585
1226	277.4884	0.27585
1227	277.4739	0.27585
1228	277.4554	0.27584
1229	277.4437	0.27585
1230	277.4286	0.27585
1231	276.9866	0.27584
1232	276.9712	0.27584
1233	276.9567	0.27584
1234	276.9402	0.27584
1235	276.9248	0.27584
1236	276.4928	0.27583
1237	276.4774	0.27583
1238	276.4643	0.27583
1239	276.4484	0.27583
1240	276.4324	0.27583
1241	275.9906	0.27582
1242	275.9721	0.27582
1243	275.961	0.27582
1244	275.9454	0.27582
1245	275.9303	0.27582
1246	275.4912	0.27581
1247	275.4747	0.27581
1248	275.461	0.27581
1249	275.4439	0.27581
1250	275.4271	0.27581
1251	274.9916	0.2758
1252	274.9765	0.27581
1253	274.964	0.2758
1254	274.9474	0.2758
1255	274.9321	0.2758
1256	274.4906	0.2758
1257	274.4801	0.2758
1258	274.4607	0.2758
1259	274.4474	0.2758
1260	274.432	0.27579
1261	273.9979	0.27579
1262	273.9828	0.27579
1263	273.9689	0.27579
1264	273.9538	0.27579
1265	273.9382	0.27579
1266	273.4865	0.27578
1267	273.4703	0.27578
1268	273.4549	0.27578
1269	273.439	0.27578
1270	273.4253	0.27578
1271	272.9883	0.27577
1272	272.9749	0.27577
1273	272.9567	0.27577
1274	272.9441	0.27577
1275	272.9282	0.27577
1276	272.4943	0.27576
1277	272.4815	0.27576
1278	272.4647	0.27576
1279	272.4493	0.27576
1280	272.4343	0.27576
1281	271.989	0.27575
1282	271.9752	0.27575
1283	271.9633	0.27575
1284	271.9489	0.27575
1285	271.9326	0.27575
1286	271.4969	0.27575
1287	271.4834	0.27575
1288	271.4701	0.27574
1289	271.4546	0.27574
1290	271.4397	0.27574
1291	270.9922	0.27574
1292	270.9762	0.27574
1293	270.9599	0.27573
1294	270.9439	0.27573
1295	270.9277	0.27573
1296	270.4901	0.27573
1297	270.4777	0.27573
1298	270.4633	0.27573
1299	270.4478	0.27573
1300	270.4337	0.27573
1301	269.9858	0.27572
1302	269.9687	0.27572
1303	269.9514	0.27572
1304	269.937	0.27572
1305	269.9199	0.27572
1306	269.4961	0.27571
1307	269.4836	0.27571
1308	269.4698	0.27571
1309	269.4516	0.27571
1310	269.4372	0.27571
1311	268.9954	0.2757
1312	268.978	0.2757
1313	268.9637	0.2757
1314	268.949	0.2757
1315	268.9355	0.2757
1316	268.4888	0.27569
1317	268.4731	0.2757
1318	268.4606	0.27569
1319	268.4465	0.27569
1320	268.4346	0.2757
1321	267.9852	0.27569
1322	267.9692	0.27569
1323	267.9556	0.27569
1324	267.938	0.27569
1325	267.9228	0.27569
1326	267.4905	0.27568
1327	267.4726	0.27568
1328	267.4565	0.27568
1329	267.4427	0.27568
1330	267.4265	0.27568
1331	266.9876	0.27567
1332	266.9735	0.27567
1333	266.9597	0.27567
1334	266.948	0.27567
1335	266.9325	0.27567
1336	266.488	0.27566
1337	266.4677	0.27566
1338	265.9998	0.27565
1339	265.9814	0.27565
1340	265.9659	0.27565
1341	265.9524	0.27565
1342	265.9374	0.27565
1343	265.4898	0.27564
1344	265.4765	0.27564
1345	265.4605	0.27564
1346	265.4475	0.27564
1347	265.4337	0.27564
1348	264.9937	0.27563
1349	264.9787	0.27563
1350	264.9649	0.27563
1351	264.9516	0.27563
1352	264.9373	0.27563
1353	264.4908	0.27562
1354	264.4705	0.27562
1355	264.4518	0.27562
1356	264.4358	0.27562
1357	264.4168	0.27562
1358	263.9915	0.27561
1359	263.9761	0.27561
1360	263.965	0.27561
1361	263.949	0.27561
1362	263.9308	0.27561
1363	263.4931	0.2756
1364	263.4766	0.27561
1365	263.4639	0.27561
1366	263.4492	0.2756
1367	263.4367	0.27561
1368	262.9944	0.2756
1369	262.9765	0.2756
1370	262.9586	0.2756
1371	262.9459	0.2756
1372	262.928	0.27559
1373	262.494	0.27559
1374	262.478	0.27559
1375	262.4663	0.27559
1376	262.455	0.27559
1377	262.442	0.27559
1378	261.989	0.27558
1379	261.9752	0.27558
1380	261.9584	0.27558
1381	261.9445	0.27558
1382	261.9283	0.27558
1383	261.4929	0.27557
1384	261.4771	0.27557
1385	261.4579	0.27557
1386	261.4395	0.27557
1387	261.4235	0.27557
1388	260.9945	0.27556
1389	260.9826	0.27556
1390	260.9707	0.27556
1391	260.9569	0.27556
1392	260.9447	0.27556
1393	260.495	0.27555
1394	260.4774	0.27555
1395	260.463	0.27555
1396	260.446	0.27555
1397	260.433	0.27555
1398	259.9881	0.27554
1399	259.9729	0.27554
1400	259.9561	0.27554
1401	259.9403	0.27554
1402	259.9261	0.27554
1403	259.494	0.27554
1404	259.48	0.27554
1405	259.4659	0.27553
1406	259.4501	0.27553
1407	259.4341	0.27553
1408	258.9863	0.27553
1409	258.9708	0.27552
1410	258.9551	0.27552
1411	258.9419	0.27552
1412	258.9267	0.27552
1413	258.4929	0.27551
1414	258.4777	0.27551
1415	258.463	0.27552
1416	258.4462	0.27552
1417	258.4338	0.27552
1418	257.9934	0.27551
1419	257.9789	0.27551
1420	257.9627	0.2755
1421	257.9472	0.2755
1422	257.9325	0.2755
1423	257.4919	0.2755
1424	257.4777	0.27549
1425	257.4627	0.2755
1426	257.4459	0.27549
1427	257.431	0.2755
1428	256.9967	0.27549
1429	256.9802	0.27549
1430	256.9647	0.27549
1431	256.9497	0.27549
1432	256.9335	0.27549
1433	256.4862	0.27548
1434	256.4697	0.27548
1435	256.4581	0.27548
1436	256.4421	0.27547
1437	256.4272	0.27548
1438	255.992	0.27547
1439	255.9757	0.27547
1440	255.9585	0.27547
1441	255.9453	0.27547
1442	255.9298	0.27547
1443	255.4944	0.27546
1444	255.4779	0.27546
1445	255.4625	0.27546
1446	255.4496	0.27546
1447	255.4341	0.27546
1448	254.9891	0.27545
1449	254.9731	0.27545
1450	254.9566	0.27545
1451	254.9427	0.27545
1452	254.9281	0.27545
1453	254.4925	0.27544
1454	254.4778	0.27544
1455	254.4616	0.27544
1456	254.4433	0.27544
1457	254.4278	0.27544
1458	253.9921	0.27543
1459	253.9774	0.27543
1460	253.9638	0.27543
1461	253.946	0.27543
1462	253.9308	0.27543
1463	253.4876	0.27542
1464	253.4698	0.27542
1465	253.4554	0.27542
1466	253.4412	0.27542
1467	253.4263	0.27542
1468	252.9895	0.27541
1469	252.9737	0.27541
1470	252.9603	0.27541
1471	252.9435	0.27541
1472	252.9287	0.27541
1473	252.4846	0.2754
1474	252.4705	0.2754
1475	252.4567	0.2754
1476	252.4433	0.2754
1477	252.4302	0.2754
1478	251.9846	0.27539
1479	251.9695	0.27539
1480	251.9542	0.27539
1481	251.9393	0.27539
1482	251.9252	0.27539
1483	251.4881	0.27538
1484	251.4714	0.27538
1485	251.4526	0.27538
1486	251.4383	0.27538
1487	251.4218	0.27538
1488	250.989	0.27537
1489	250.9708	0.27537
1490	250.9577	0.27537
1491	250.9436	0.27537
1492	250.9278	0.27537
1493	250.483	0.27536
1494	250.4686	0.27536
1495	250.4536	0.27536
1496	250.4366	0.27536
1497	250.4225	0.27536
1498	249.9955	0.27535
1499	249.9875	0.27535
1500	249.9727	0.27535
1501	249.9559	0.27535
1502	249.9397	0.27535
1503	249.4707	0.27534
1504	249.4554	0.27534
1505	249.4437	0.27534
1506	249.433	0.27534
1507	249.4202	0.27534
1508	248.9931	0.27533
1509	248.9983	0.27533
1510	248.9786	0.27533
1511	248.9602	0.27533
1512	248.9429	0.27533
1513	248.4969	0.27532
1514	248.4671	0.27532
1515	248.4524	0.27532
1516	248.4385	0.27532
1517	248.4283	0.27532
1518	247.99	0.27531
1519	247.9781	0.27531
1520	247.9623	0.27531
1521	247.9478	0.27531
1522	247.9341	0.27531
1523	247.4847	0.2753
1524	247.473	0.2753
1525	247.4552	0.2753
1526	247.439	0.2753
1527	247.4252	0.2753
1528	246.9894	0.27529
1529	246.9741	0.27529
1530	246.9547	0.27529
1531	246.9402	0.27529
1532	246.9256	0.27529
1533	246.4917	0.27528
1534	246.4776	0.27528
1535	246.4646	0.27528
1536	246.4502	0.27528
1537	246.4337	0.27528
1538	245.9935	0.27527
1539	245.9795	0.27527
1540	245.9666	0.27527
1541	245.9489	0.27527
1542	245.9341	0.27527
1543	245.4874	0.27526
1544	245.4724	0.27526
1545	245.4643	0.27526
1546	245.4466	0.27526
1547	245.4292	0.27526
1548	244.9925	0.27525
1549	244.9772	0.27525
1550	244.9624	0.27525
1551	244.9379	0.27525
1552	244.9205	0.27525
1553	244.4946	0.27524
1554	244.4788	0.27524
1555	244.4638	0.27524
1556	244.4433	0.27524
1557	244.4266	0.27524
1558	243.987	0.27523
1559	243.9722	0.27523
1560	243.9574	0.27523
1561	243.9637	0.27523
1562	243.9484	0.27523
1563	243.4887	0.27522
1564	243.4735	0.27522
1565	243.4592	0.27522
1566	243.4353	0.27522
1567	243.4176	0.27522
1568	242.9946	0.27521
1569	242.9784	0.27521
1570	242.9653	0.27521
1571	242.9486	0.27521
1572	242.9391	0.2752
1573	242.4905	0.27519
1574	242.4747	0.27519
1575	242.4587	0.27519
1576	242.4432	0.27519
1577	242.4238	0.27519
1578	241.9937	0.27518
1579	241.9799	0.27518
1580	241.963	0.27518
1581	241.9482	0.27518
1582	241.9373	0.27518
1583	241.4892	0.27517
1584	241.4732	0.27517
1585	241.458	0.27517
1586	241.4437	0.27517
1587	241.4273	0.27517
1588	240.991	0.27516
1589	240.9734	0.27516
1590	240.9579	0.27516
1591	240.9418	0.27516
1592	240.9321	0.27516
1593	240.491	0.27515
1594	240.476	0.27515
1595	240.4613	0.27515
1596	240.4451	0.27515
1597	240.4304	0.27515
1598	239.9847	0.27514
1599	239.9702	0.27514
1600	239.9555	0.27514
1601	239.9417	0.27514
1602	239.9198	0.27514
1603	239.494	0.27513
1604	239.4819	0.27513
1605	239.4648	0.27513
1606	239.4487	0.27513
1607	239.4349	0.27513
1608	238.9883	0.27512
1609	238.9738	0.27511
1610	238.9562	0.27511
1611	238.9422	0.27511
1612	238.9277	0.27511
1613	238.4887	0.2751
1614	238.4737	0.2751
1615	238.4604	0.2751
1616	238.4438	0.2751
1617	238.4303	0.2751
1618	237.9927	0.27509
1619	237.9772	0.27509
1620	237.9623	0.27509
1621	237.9459	0.27509
1622	237.9348	0.27509
1623	237.4974	0.27508
1624	237.4801	0.27508
1625	237.4656	0.27508
1626	237.4475	0.27508
1627	237.4354	0.27508
1628	236.9894	0.27507
1629	236.9763	0.27507
1630	236.9594	0.27507
1631	236.9433	0.27507
1632	236.9312	0.27506
1633	236.4911	0.27505
1634	236.4749	0.27505
1635	236.4614	0.27505
1636	236.4443	0.27506
1637	236.431	0.27505
1638	235.9891	0.27504
1639	235.9737	0.27504
1640	235.9585	0.27504
1641	235.9433	0.27504
1642	235.9296	0.27504
1643	235.4922	0.27503
1644	235.4746	0.27503
1645	235.4608	0.27503
1646	235.4444	0.27503
1647	235.4285	0.27503
1648	234.9917	0.27502
1649	234.9798	0.27502
1650	234.961	0.27502
1651	234.9473	0.27502
1652	234.9323	0.27502
1653	234.4943	0.27501
1654	234.476	0.27501
1655	234.4625	0.27501
1656	234.4473	0.27501
1657	234.4321	0.27501
1658	233.9906	0.275
1659	233.9773	0.275
1660	233.9592	0.275
1661	233.9457	0.275
1662	233.9303	0.275
1663	233.493	0.27498
1664	233.4783	0.27498
1665	233.4626	0.27498
1666	233.4486	0.27498
1667	233.4325	0.27499
1668	232.9974	0.27497
1669	232.9813	0.27497
1670	232.9666	0.27497
1671	232.9502	0.27497
1672	232.9348	0.27497
1673	232.4868	0.27496
1674	232.4719	0.27496
1675	232.456	0.27496
1676	232.4404	0.27496
1677	232.4244	0.27496
1678	231.9921	0.27495
1679	231.9764	0.27495
1680	231.9596	0.27494
1681	231.9475	0.27495
1682	231.9323	0.27495
1683	231.4862	0.27493
1684	231.4707	0.27493
1685	231.4563	0.27493
1686	231.4423	0.27493
1687	231.4274	0.27493
1688	230.988	0.27492
1689	230.9723	0.27492
1690	230.9574	0.27492
1691	230.9439	0.27492
1692	230.9282	0.27492
1693	230.4884	0.27491
1694	230.4744	0.27491
1695	230.4595	0.27491
1696	230.4436	0.27491
1697	230.4274	0.27491
1698	229.9945	0.2749
1699	229.9812	0.2749
1700	229.9651	0.2749
1701	229.9506	0.2749
1702	229.9352	0.27489
1703	229.4864	0.27489
1704	229.4724	0.27489
1705	229.456	0.27489
1706	229.4406	0.27489
1707	229.4269	0.27489
1708	228.9881	0.27487
1709	228.972	0.27488
1710	228.9578	0.27488
1711	228.9397	0.27487
1712	228.9267	0.27487
1713	228.4965	0.27486
1714	228.481	0.27486
1715	228.4644	0.27486
1716	228.4521	0.27486
1717	228.4353	0.27486
1718	227.991	0.27485
1719	227.9785	0.27485
1720	227.9628	0.27485
1721	227.9479	0.27485
1722	227.9298	0.27485
1723	227.4938	0.27484
1724	227.4776	0.27484
1725	227.4627	0.27484
1726	227.4473	0.27484
1727	227.4327	0.27484
1728	226.9858	0.27482
1729	226.9711	0.27482
1730	226.9576	0.27482
1731	226.9408	0.27482
1732	226.9259	0.27482
1733	226.4877	0.27481
1734	226.4692	0.27481
1735	226.4536	0.27481
1736	226.4396	0.27481
1737	226.4242	0.27481
1738	225.9982	0.2748
1739	225.9824	0.2748
1740	225.9679	0.2748
1741	225.9535	0.2748
1742	225.9386	0.2748
1743	225.4899	0.27478
1744	225.474	0.27478
1745	225.461	0.27479
1746	225.4447	0.27479
1747	225.429	0.27478
1748	224.992	0.27477
1749	224.9756	0.27477
1750	224.9626	0.27477
1751	224.9448	0.27477
1752	224.9306	0.27477
1753	224.4946	0.27476
1754	224.4799	0.27476
1755	224.464	0.27476
1756	224.4496	0.27476
1757	224.4342	0.27476
1758	223.9852	0.27475
1759	223.9683	0.27475
1760	223.9549	0.27475
1761	223.9385	0.27475
1762	223.9238	0.27475
1763	223.4877	0.27474
1764	223.474	0.27474
1765	223.4574	0.27474
1766	223.4427	0.27474
1767	223.4266	0.27474
1768	222.9914	0.27473
1769	222.9785	0.27472
1770	222.9635	0.27473
1771	222.9482	0.27472
1772	222.9318	0.27472
1773	222.494	0.27471
1774	222.4798	0.27471
1775	222.4654	0.27471
1776	222.4483	0.27471
1777	222.4329	0.27471
1778	221.9849	0.2747
1779	221.9669	0.2747
1780	221.9534	0.2747
1781	221.9392	0.2747
1782	221.9227	0.2747
1783	221.4891	0.27469
1784	221.4753	0.27469
1785	221.4578	0.27469
1786	221.4448	0.27469
1787	221.4304	0.27469
1788	220.9923	0.27467
1789	220.9774	0.27467
1790	220.9642	0.27467
1791	220.9505	0.27467
1792	220.9337	0.27467
1793	220.4847	0.27466
1794	220.4715	0.27466
1795	220.458	0.27466
1796	220.4412	0.27466
1797	220.427	0.27466
1798	219.9885	0.27465
1799	219.9734	0.27465
1800	219.959	0.27465
1801	219.9446	0.27465
1802	219.9309	0.27465
1803	219.4902	0.27464
1804	219.4766	0.27464
1805	219.4617	0.27464
1806	219.4465	0.27464
1807	219.4324	0.27464
1808	218.9847	0.27463
1809	218.97	0.27462
1810	218.9547	0.27463
1811	218.9397	0.27463
1812	218.9229	0.27463
1813	218.4955	0.27462
1814	218.4804	0.27461
1815	218.4664	0.27462
1816	218.452	0.27461
1817	218.4364	0.27462
1818	217.9929	0.2746
1819	217.9785	0.2746
1820	217.9651	0.2746
1821	217.9478	0.2746
1822	217.9312	0.2746
1823	217.485	0.27459
1824	217.4706	0.27459
1825	217.4569	0.27459
1826	217.4389	0.27459
1827	217.4228	0.27459
1828	216.993	0.27458
1829	216.9783	0.27458
1830	216.9627	0.27458
1831	216.9478	0.27458
1832	216.9334	0.27458
1833	216.4869	0.27457
1834	216.472	0.27457
1835	216.4574	0.27457
1836	216.4406	0.27457
1837	216.4276	0.27457
1838	215.9956	0.27455
1839	215.9786	0.27455
1840	215.9651	0.27456
1841	215.9483	0.27455
1842	215.9348	0.27455
1843	215.4903	0.27454
1844	215.4745	0.27454
1845	215.4613	0.27454
1846	215.4435	0.27454
1847	215.4286	0.27454
1848	214.9926	0.27453
1849	214.9796	0.27453
1850	214.9638	0.27453
1851	214.9503	0.27453
1852	214.934	0.27453
1853	214.4869	0.27452
1854	214.4713	0.27452
1855	214.4565	0.27452
1856	214.4418	0.27452
1857	214.4277	0.27452
1858	213.9896	0.27451
1859	213.9756	0.27451
1860	213.9596	0.27451
1861	213.9425	0.27451
1862	213.9303	0.27451
1863	213.4945	0.2745
1864	213.4801	0.2745
1865	213.4652	0.2745
1866	213.4482	0.2745
1867	213.4345	0.2745
1868	212.991	0.27449
1869	212.9747	0.27448
1870	212.96	0.27448
1871	212.9449	0.27448
1872	212.9293	0.27448
1873	212.4933	0.27447
1874	212.4779	0.27447
1875	212.4618	0.27447
1876	212.4486	0.27447
1877	212.4306	0.27447
1878	211.9925	0.27446
1879	211.9796	0.27446
1880	211.9635	0.27446
1881	211.9467	0.27446
1882	211.933	0.27446
1883	211.4887	0.27445
1884	211.4734	0.27445
1885	211.459	0.27445
1886	211.4405	0.27445
1887	211.4247	0.27445
1888	210.988	0.27444
1889	210.972	0.27444
1890	210.9581	0.27444
1891	210.9449	0.27443
1892	210.9279	0.27444
1893	210.4911	0.27443
1894	210.4757	0.27443
1895	210.4604	0.27442
1896	210.4441	0.27443
1897	210.4295	0.27443
1898	209.9924	0.27441
1899	209.9813	0.27441
1900	209.9645	0.27441
1901	209.9509	0.27441
1902	209.9346	0.27441
1903	209.491	0.27441
1904	209.4756	0.2744
1905	209.4598	0.27441
1906	209.4445	0.27441
1907	209.4301	0.2744
1908	208.995	0.27439
1909	208.9799	0.27439
1910	208.9626	0.27439
1911	208.9471	0.27439
1912	208.932	0.27439
1913	208.4908	0.27438
1914	208.4755	0.27438
1915	208.4597	0.27438
1916	208.4417	0.27438
1917	208.4274	0.27438
1918	207.9873	0.27437
1919	207.9739	0.27437
1920	207.959	0.27437
1921	207.9435	0.27437
1922	207.9308	0.27437
1923	207.4917	0.27436
1924	207.4774	0.27436
1925	207.4654	0.27436
1926	207.4482	0.27436
1927	207.434	0.27436
1928	206.9922	0.27435
1929	206.9749	0.27435
1930	206.9599	0.27435
1931	206.9457	0.27435
1932	206.9302	0.27435
1933	206.4959	0.27434
1934	206.4809	0.27434
1935	206.4667	0.27434
1936	206.45	0.27434
1937	206.4325	0.27434
1938	205.9984	0.27433
1939	205.9828	0.27433
1940	205.9688	0.27433
1941	205.9534	0.27433
1942	205.9388	0.27432
1943	205.4941	0.27432
1944	205.4801	0.27432
1945	205.4635	0.27432
1946	205.4487	0.27432
1947	205.4336	0.27431
1948	204.9868	0.2743
1949	204.9736	0.2743
1950	204.9592	0.2743
1951	204.9451	0.2743
1952	204.9289	0.2743
1953	204.486	0.27429
1954	204.47	0.2743
1955	204.4535	0.2743
1956	204.4389	0.2743
1957	204.4229	0.27429
1958	203.9938	0.27429
1959	203.9785	0.27429
1960	203.9627	0.27428
1961	203.9478	0.27428
1962	203.9345	0.27428
1963	203.4881	0.27427
1964	203.4708	0.27427
1965	203.4563	0.27427
1966	203.4414	0.27427
1967	203.4283	0.27427
1968	202.9968	0.27426
1969	202.9801	0.27427
1970	202.9617	0.27426
1971	202.9469	0.27426
1972	202.9323	0.27426
1973	202.4945	0.27426
1974	202.4787	0.27425
1975	202.4659	0.27425
1976	202.4496	0.27425
1977	202.4343	0.27425
1978	201.9898	0.27424
1979	201.9743	0.27424
1980	201.9594	0.27424
1981	201.9442	0.27424
1982	201.9289	0.27424
1983	201.4876	0.27423
1984	201.4716	0.27423
1985	201.4568	0.27423
1986	201.4424	0.27423
1987	201.4248	0.27423
1988	200.9856	0.27422
1989	200.972	0.27422
1990	200.9553	0.27422
1991	200.9414	0.27422
1992	200.9278	0.27422
1993	200.4829	0.27421
1994	200.4678	0.27421
1995	200.4528	0.27421
1996	200.438	0.27421
1997	200.4222	0.27421
1998	199.9869	0.2742
1999	199.9733	0.2742
2000	199.9594	0.2742
2001	199.9441	0.2742
2002	199.9308	0.2742
2003	199.4972	0.27419
2004	199.4817	0.27419
2005	199.4624	0.27419
2006	199.4502	0.27419
2007	199.4338	0.27419
2008	198.9915	0.27418
2009	198.9732	0.27418
2010	198.9595	0.27418
2011	198.9445	0.27418
2012	198.9283	0.27418
2013	198.4935	0.27417
2014	198.4794	0.27417
2015	198.4625	0.27417
2016	198.4496	0.27417
2017	198.4332	0.27417
2018	197.9889	0.27416
2019	197.9737	0.27416
2020	197.9608	0.27416
2021	197.946	0.27416
2022	197.9296	0.27416
2023	197.4946	0.27415
2024	197.4777	0.27415
2025	197.4643	0.27415
2026	197.4491	0.27415
2027	197.4329	0.27415
2028	196.9875	0.27414
2029	196.9745	0.27414
2030	196.9604	0.27414
2031	196.945	0.27414
2032	196.929	0.27414
2033	196.494	0.27414
2034	196.4814	0.27413
2035	196.4645	0.27413
2036	196.4488	0.27413
2037	196.4357	0.27413
2038	195.9819	0.27412
2039	195.9698	0.27412
2040	195.9546	0.27412
2041	195.9375	0.27412
2042	195.922	0.27412
2043	195.4962	0.27412
2044	195.4824	0.27412
2045	195.4667	0.27412
2046	195.4534	0.27412
2047	195.4365	0.27412
2048	194.9885	0.27411
2049	194.9725	0.27411
2050	194.9573	0.27411
2051	194.943	0.27411
2052	194.9273	0.27411
2053	194.487	0.2741
2054	194.473	0.2741
2055	194.4547	0.2741
2056	194.4402	0.2741
2057	194.425	0.2741
2058	193.9902	0.27409
2059	193.974	0.27409
2060	193.9603	0.27409
2061	193.9429	0.27409
2062	193.9296	0.27409
2063	193.4937	0.27408
2064	193.4788	0.27408
2065	193.4645	0.27408
2066	193.4491	0.27408
2067	193.435	0.27408
2068	192.9897	0.27407
2069	192.9735	0.27407
2070	192.9621	0.27407
2071	192.9438	0.27407
2072	192.9309	0.27407
2073	192.4857	0.27406
2074	192.4713	0.27406
2075	192.4563	0.27406
2076	192.4408	0.27406
2077	192.4277	0.27406
2078	191.991	0.27405
2079	191.9751	0.27406
2080	191.9601	0.27405
2081	191.9444	0.27405
2082	191.9314	0.27405
2083	191.4942	0.27405
2084	191.4783	0.27405
2085	191.4636	0.27404
2086	191.4477	0.27405
2087	191.4329	0.27404
2088	190.9901	0.27404
2089	190.9764	0.27404
2090	190.9595	0.27404
2091	190.9465	0.27404
2092	190.9301	0.27404
2093	190.4898	0.27403
2094	190.4739	0.27403
2095	190.4606	0.27403
2096	190.4433	0.27403
2097	190.4293	0.27403
2098	189.9956	0.27402
2099	189.9811	0.27402
2100	189.9659	0.27402
2101	189.9517	0.27402
2102	189.9346	0.27402
2103	189.4874	0.27402
2104	189.4746	0.27402
2105	189.4594	0.27402
2106	189.4442	0.27402
2107	189.4292	0.27401
2108	188.9872	0.27401
2109	188.973	0.27401
2110	188.9578	0.27401
2111	188.9419	0.27401
2112	188.9277	0.27401
2113	188.4821	0.274
2114	188.469	0.274
2115	188.451	0.274
2116	188.4363	0.274
2117	188.4202	0.274
2118	187.9868	0.27399
2119	187.9728	0.27399
2120	187.9572	0.27399
2121	187.9417	0.27399
2122	187.927	0.27399
2123	187.4866	0.27398
2124	187.471	0.27398
2125	187.4554	0.27398
2126	187.4388	0.27398
2127	187.4238	0.27398
2128	186.9865	0.27398
2129	186.9725	0.27398
2130	186.9569	0.27398
2131	186.9422	0.27398
2132	186.9256	0.27398
2133	186.4887	0.27397
2134	186.4745	0.27397
2135	186.4609	0.27397
2136	186.4446	0.27397
2137	186.4282	0.27397
2138	185.9846	0.27396
2139	185.9702	0.27396
2140	185.9569	0.27396
2141	185.9422	0.27396
2142	185.9273	0.27396
2143	185.4928	0.27395
2144	185.4776	0.27395
2145	185.4622	0.27395
2146	185.4478	0.27395
2147	185.4329	0.27395
2148	184.9951	0.27394
2149	184.9809	0.27394
2150	184.9646	0.27395
2151	184.9501	0.27394
2152	184.9347	0.27395
2153	184.4913	0.27394
2154	184.4752	0.27394
2155	184.4617	0.27393
2156	184.4463	0.27393
2157	184.4323	0.27394
2158	183.9923	0.27393
2159	183.9788	0.27393
2160	183.962	0.27393
2161	183.9475	0.27393
2162	183.935	0.27393
2163	183.4845	0.27392
2164	183.4703	0.27392
2165	183.4544	0.27392
2166	183.4371	0.27392
2167	183.4225	0.27392
2168	182.9905	0.27391
2169	182.9725	0.27391
2170	182.4879	0.27391
2171	182.4735	0.27391
2172	182.4576	0.27391
2173	182.4432	0.27391
2174	182.4274	0.27391
2175	181.9913	0.2739
2176	181.9773	0.2739
2177	181.961	0.2739
2178	181.9482	0.2739
2179	181.9319	0.2739
2180	181.4872	0.27389
2181	181.4708	0.27389
2182	181.4569	0.27389
2183	181.442	0.27389
2184	181.4269	0.27389
2185	180.9907	0.27389
2186	180.9774	0.27389
2187	180.9621	0.27388
2188	180.9467	0.27389
2189	180.9327	0.27389
2190	180.4846	0.27388
2191	180.4702	0.27388
2192	180.4558	0.27388
2193	180.443	0.27388
2194	180.426	0.27388
2195	179.9915	0.27387
2196	179.9754	0.27387
2197	179.9596	0.27387
2198	179.9435	0.27387
2199	179.9308	0.27387
2200	179.4899	0.27386
2201	179.4747	0.27386
2202	179.4589	0.27386
2203	179.4429	0.27386
2204	179.4294	0.27386
2205	178.9962	0.27386
2206	178.983	0.27386
2207	178.9681	0.27386
2208	178.9552	0.27386
2209	178.9422	0.27386
2210	178.4918	0.27385
2211	178.4772	0.27385
2212	178.4612	0.27385
2213	178.4444	0.27385
2214	178.4291	0.27385
2215	177.9874	0.27384
2216	177.9724	0.27385
2217	177.9542	0.27384
2218	177.941	0.27384
2219	177.9247	0.27384
2220	177.4903	0.27384
2221	177.4752	0.27384
2222	177.4611	0.27384
2223	177.4448	0.27384
2224	177.4307	0.27384
2225	176.9879	0.27383
2226	176.9729	0.27383
2227	176.9601	0.27383
2228	176.9439	0.27383
2229	176.9309	0.27383
2230	176.4918	0.27383
2231	176.4763	0.27383
2232	176.4598	0.27383
2233	176.4466	0.27382
2234	176.4312	0.27383
2235	175.9862	0.27382
2236	175.9714	0.27382
2237	175.9577	0.27382
2238	175.9417	0.27382
2239	175.9289	0.27382
2240	175.4966	0.27381
2241	175.4794	0.27381
2242	175.466	0.27381
2243	175.4471	0.27381
2244	175.4335	0.27381
2245	174.9894	0.27381
2246	174.9746	0.27381
2247	174.9606	0.27381
2248	174.9463	0.27381
2249	174.9298	0.27381
2250	174.4846	0.2738
2251	174.4686	0.2738
2252	174.4552	0.2738
2253	174.4399	0.2738
2254	174.4253	0.2738
2255	173.9918	0.2738
2256	173.9753	0.2738
2257	173.9586	0.2738
2258	173.9459	0.2738
2259	173.9266	0.2738
2260	173.4907	0.27379
2261	173.478	0.27379
2262	173.466	0.27379
2263	173.4507	0.27379
2264	173.4363	0.27379
2265	172.9909	0.27379
2266	172.977	0.27378
2267	172.9634	0.27378
2268	172.9469	0.27378
2269	172.9297	0.27378
2270	172.4887	0.27378
2271	172.4708	0.27378
2272	172.4541	0.27378
2273	172.4425	0.27378
2274	172.4249	0.27378
2275	171.9926	0.27377
2276	171.9756	0.27377
2277	171.9611	0.27377
2278	171.9462	0.27377
2279	171.9302	0.27377
2280	171.4957	0.27377
2281	171.4818	0.27377
2282	171.4665	0.27377
2283	171.4529	0.27377
2284	171.436	0.27377
2285	170.9942	0.27376
2286	170.9782	0.27376
2287	170.9638	0.27376
2288	170.9481	0.27377
2289	170.9323	0.27376
2290	170.4911	0.27376
2291	170.4739	0.27376
2292	170.4589	0.27376
2293	170.4438	0.27376
2294	170.4288	0.27376
2295	169.9938	0.27375
2296	169.9773	0.27375
2297	169.9625	0.27375
2298	169.9496	0.27375
2299	169.9343	0.27375
2300	169.4909	0.27375
2301	169.477	0.27374
2302	169.4601	0.27375
2303	169.4467	0.27374
2304	169.431	0.27375
2305	168.9947	0.27374
2306	168.9822	0.27374
2307	168.9665	0.27374
2308	168.9515	0.27374
2309	168.9359	0.27374
2310	168.4946	0.27373
2311	168.4781	0.27373
2312	168.4635	0.27373
2313	168.4487	0.27373
2314	168.4328	0.27373
2315	167.9915	0.27373
2316	167.9746	0.27373
2317	167.9595	0.27373
2318	167.9452	0.27373
2319	167.9297	0.27373
2320	167.4914	0.27372
2321	167.475	0.27372
2322	167.4642	0.27372
2323	167.4475	0.27372
2324	167.4332	0.27372
2325	166.9899	0.27372
2326	166.9746	0.27372
2327	166.9586	0.27372
2328	166.9443	0.27372
2329	166.93	0.27372
2330	166.4862	0.27372
2331	166.4663	0.27371
2332	166.4543	0.27371
2333	166.4388	0.27371
2334	166.4261	0.27371
2335	165.9943	0.27371
2336	165.9769	0.27371
2337	165.9621	0.27371
2338	165.9469	0.27371
2339	165.9319	0.27371
2340	165.4938	0.27371
2341	165.4809	0.27371
2342	165.4645	0.27371
2343	165.449	0.27371
2344	165.434	0.27371
2345	164.9909	0.2737
2346	164.9759	0.2737
2347	164.9602	0.2737
2348	164.9454	0.2737
2349	164.932	0.2737
2350	164.4896	0.2737
2351	164.4696	0.2737
2352	164.4551	0.27369
2353	164.4427	0.27369
2354	164.4274	0.27369
2355	163.9935	0.27369
2356	163.9761	0.27369
2357	163.9618	0.27369
2358	163.9466	0.27369
2359	163.9304	0.27369
2360	163.4935	0.27368
2361	163.4772	0.27368
2362	163.4604	0.27368
2363	163.4472	0.27368
2364	163.4327	0.27368
2365	162.988	0.27368
2366	162.973	0.27368
2367	162.9596	0.27368
2368	162.9429	0.27368
2369	162.9256	0.27368
2370	162.4835	0.27368
2371	162.4659	0.27367
2372	162.4519	0.27368
2373	162.4348	0.27367
2374	162.4212	0.27367
2375	161.9888	0.27367
2376	161.9736	0.27367
2377	161.9523	0.27367
2378	161.9387	0.27367
2379	161.9253	0.27367
2380	161.49	0.27367
2381	161.4738	0.27367
2382	161.4532	0.27367
2383	161.441	0.27367
2384	161.427	0.27367
2385	160.9953	0.27366
2386	160.9789	0.27366
2387	160.9709	0.27366
2388	160.9519	0.27366
2389	160.9365	0.27366
2390	160.4901	0.27366
2391	160.4737	0.27366
2392	160.4596	0.27366
2393	160.4444	0.27366
2394	160.4291	0.27366
2395	159.9852	0.27365
2396	159.9707	0.27365
2397	159.9562	0.27365
2398	159.9401	0.27365
2399	159.9263	0.27365
2400	159.4937	0.27365
2401	159.4773	0.27365
2402	159.4637	0.27365
2403	159.4474	0.27365
2404	159.4323	0.27365
2405	158.9958	0.27364
2406	158.9818	0.27364
2407	158.9652	0.27364
2408	158.9572	0.27364
2409	158.9392	0.27364
2410	158.4863	0.27364
2411	158.4702	0.27364
2412	158.4559	0.27364
2413	158.441	0.27364
2414	158.4263	0.27364
2415	157.9957	0.27364
2416	157.981	0.27363
2417	157.9667	0.27364
2418	157.9499	0.27363
2419	157.9328	0.27363
2420	157.4871	0.27363
2421	157.4701	0.27363
2422	157.4565	0.27363
2423	157.4487	0.27363
2424	157.4293	0.27363
2425	156.9943	0.27362
2426	156.9777	0.27362
2427	156.9646	0.27362
2428	156.9501	0.27362
2429	156.9282	0.27362
2430	156.4895	0.27362
2431	156.4755	0.27362
2432	156.4591	0.27362
2433	156.4449	0.27362
2434	156.4243	0.27362
2435	155.9958	0.27362
2436	155.9808	0.27362
2437	155.9642	0.27362
2438	155.9486	0.27362
2439	155.9348	0.27362
2440	155.4937	0.27363
2441	155.4783	0.27362
2442	155.4612	0.27363
2443	155.4458	0.27363
2444	155.4304	0.27362
2445	154.9887	0.27362
2446	154.9731	0.27362
2447	154.9584	0.27362
2448	154.9462	0.27362
2449	154.9273	0.27362
2450	154.4934	0.27361
2451	154.478	0.27361
2452	154.464	0.27362
2453	154.4479	0.27361
2454	154.4318	0.27361
2455	153.9867	0.27361
2456	153.971	0.27361
2457	153.9575	0.27361
2458	153.9442	0.27361
2459	153.9272	0.27361
2460	153.4927	0.2736
2461	153.4784	0.27361
2462	153.4619	0.2736
2463	153.446	0.27361
2464	153.4323	0.2736
2465	152.9881	0.2736
2466	152.972	0.2736
2467	152.958	0.2736
2468	152.9449	0.2736
2469	152.9286	0.2736
2470	152.4964	0.2736
2471	152.4814	0.2736
2472	152.464	0.2736
2473	152.45	0.2736
2474	152.4355	0.2736
2475	151.9977	0.2736
2476	151.9835	0.27359
2477	151.9672	0.2736
2478	151.953	0.27359
2479	151.938	0.27359
2480	151.4939	0.27359
2481	151.4765	0.27359
2482	151.4632	0.27359
2483	151.4483	0.27359
2484	151.4326	0.27359
2485	150.9898	0.27359
2486	150.974	0.27359
2487	150.9581	0.27359
2488	150.9448	0.27359
2489	150.9283	0.27359
2490	150.4936	0.27358
2491	150.4773	0.27358
2492	150.4626	0.27358
2493	150.4486	0.27358
2494	150.4333	0.27358
2495	149.9897	0.27358
2496	149.9762	0.27358
2497	149.9611	0.27358
2498	149.9451	0.27358
2499	149.9306	0.27358
2500	149.4887	0.27358
2501	149.4761	0.27358
2502	149.4591	0.27358
2503	149.4438	0.27358
2504	149.4298	0.27358
2505	148.9964	0.27357
2506	148.9801	0.27357
2507	148.9666	0.27357
2508	148.9522	0.27357
2509	148.9356	0.27357
2510	148.495	0.27357
2511	148.4783	0.27357
2512	148.4627	0.27357
2513	148.4496	0.27357
2514	148.4338	0.27357
2515	147.9906	0.27356
2516	147.9757	0.27356
2517	147.9641	0.27356
2518	147.9469	0.27356
2519	147.9324	0.27356
2520	147.4875	0.27356
2521	147.4724	0.27356
2522	147.458	0.27355
2523	147.4415	0.27355
2524	147.4259	0.27356
2525	146.9942	0.27355
2526	146.9796	0.27355
2527	146.9649	0.27355
2528	146.9494	0.27355
2529	146.9342	0.27355
2530	146.4925	0.27355
2531	146.4763	0.27355
2532	146.4642	0.27355
2533	146.4465	0.27355
2534	146.4321	0.27355
2535	145.9905	0.27354
2536	145.9755	0.27354
2537	145.9581	0.27354
2538	145.9436	0.27354
2539	145.9295	0.27354
2540	145.4935	0.27354
2541	145.4787	0.27354
2542	145.4623	0.27354
2543	145.4498	0.27354
2544	145.4336	0.27354
2545	144.9882	0.27354
2546	144.9729	0.27353
2547	144.9572	0.27353
2548	144.9454	0.27353
2549	144.9274	0.27353
2550	144.4957	0.27353
2551	144.4798	0.27353
2552	144.4636	0.27353
2553	144.4499	0.27353
2554	144.4356	0.27353
2555	143.9982	0.27353
2556	143.9841	0.27352
2557	143.9675	0.27353
2558	143.9506	0.27352
2559	143.9356	0.27352
2560	143.4887	0.27352
2561	143.4736	0.27352
2562	143.4598	0.27352
2563	143.4459	0.27352
2564	143.4297	0.27352
2565	142.9912	0.27352
2566	142.9776	0.27352
2567	142.9614	0.27352
2568	142.9459	0.27352
2569	142.9321	0.27352
2570	142.4924	0.27351
2571	142.4788	0.27351
2572	142.4645	0.27351
2573	142.4464	0.27351
2574	142.4319	0.27351
2575	141.9892	0.27351
2576	141.9732	0.27351
2577	141.9594	0.27351
2578	141.946	0.27351
2579	141.9268	0.27351
2580	141.4933	0.2735
2581	141.4773	0.2735
2582	141.4642	0.2735
2583	141.4478	0.2735
2584	141.4339	0.2735
2585	140.989	0.2735
2586	140.9749	0.2735
2587	140.9589	0.2735
2588	140.9451	0.2735
2589	140.93	0.2735
2590	140.485	0.2735
2591	140.4714	0.2735
2592	140.4559	0.2735
2593	140.442	0.2735
2594	140.4252	0.27349
2595	139.9919	0.27349
2596	139.976	0.27349
2597	139.9637	0.27349
2598	139.9498	0.27349
2599	139.9323	0.27349
2600	139.4877	0.27349
2601	139.4713	0.27349
2602	139.457	0.27349
2603	139.4431	0.27349
2604	139.4272	0.27349
2605	138.9924	0.27348
2606	138.9749	0.27348
2607	138.9603	0.27348
2608	138.9467	0.27348
2609	138.9303	0.27348
2610	138.4866	0.27347
2611	138.4725	0.27347
2612	138.4575	0.27347
2613	138.4427	0.27347
2614	138.4274	0.27347
2615	137.9925	0.27347
2616	137.9782	0.27347
2617	137.9639	0.27347
2618	137.9489	0.27347
2619	137.9306	0.27347
2620	137.4857	0.27346
2621	137.473	0.27346
2622	137.4584	0.27346
2623	137.4438	0.27346
2624	137.4279	0.27347
2625	136.9947	0.27346
2626	136.9776	0.27346
2627	136.9628	0.27346
2628	136.9485	0.27346
2629	136.9342	0.27346
2630	136.4881	0.27345
2631	136.4724	0.27346
2632	136.4597	0.27345
2633	136.4433	0.27346
2634	136.428	0.27345
2635	135.9888	0.27345
2636	135.9751	0.27345
2637	135.9599	0.27345
2638	135.9432	0.27345
2639	135.9296	0.27345
2640	135.4873	0.27345
2641	135.4732	0.27344
2642	135.4573	0.27344
2643	135.4422	0.27344
2644	135.4279	0.27344
2645	134.9942	0.27344
2646	134.978	0.27344
2647	134.9649	0.27344
2648	134.9489	0.27344
2649	134.9344	0.27344
2650	134.4924	0.27344
2651	134.4772	0.27344
2652	134.4628	0.27344
2653	134.4481	0.27344
2654	134.4335	0.27344
2655	133.9886	0.27344
2656	133.9715	0.27343
2657	133.9572	0.27343
2658	133.9433	0.27343
2659	133.9281	0.27343
2660	133.4957	0.27343
2661	133.4804	0.27343
2662	133.4638	0.27343
2663	133.449	0.27343
2664	133.4344	0.27343
2665	132.9911	0.27343
2666	132.9745	0.27343
2667	132.9604	0.27343
2668	132.9461	0.27342
2669	132.9303	0.27342
2670	132.4942	0.27342
2671	132.4796	0.27342
2672	132.4644	0.27342
2673	132.4517	0.27342
2674	132.4344	0.27342
2675	131.9904	0.27342
2676	131.9772	0.27342
2677	131.9612	0.27342
2678	131.9451	0.27342
2679	131.9312	0.27342
2680	131.4866	0.27342
2681	131.4678	0.27342
2682	131.4562	0.27342
2683	131.4404	0.27341
2684	131.4253	0.27342
2685	130.992	0.27341
2686	130.9762	0.27341
2687	130.9613	0.27341
2688	130.9458	0.27341
2689	130.9316	0.27341
2690	130.4889	0.27341
2691	130.4729	0.27341
2692	130.4557	0.27341
2693	130.4406	0.2734
2694	130.4267	0.27341
2695	129.9922	0.27341
2696	129.9788	0.2734
2697	129.9669	0.2734
2698	129.9482	0.2734
2699	129.935	0.2734
2700	129.49	0.2734
2701	129.4777	0.2734
2702	129.4633	0.2734
2703	129.445	0.2734
2704	129.4299	0.2734
2705	128.9846	0.2734
2706	128.9704	0.2734
2707	128.9551	0.2734
2708	128.9391	0.2734
2709	128.9236	0.2734
2710	128.4915	0.2734
2711	128.4781	0.27339
2712	128.4607	0.2734
2713	128.4487	0.27339
2714	128.4341	0.27339
2715	127.9894	0.27339
2716	127.9734	0.27339
2717	127.9574	0.27339
2718	127.9424	0.27339
2719	127.9266	0.27339
2720	127.49	0.27339
2721	127.4757	0.27339
2722	127.459	0.27339
2723	127.4461	0.27338
2724	127.4298	0.27339
2725	126.9932	0.27339
2726	126.9766	0.27339
2727	126.9602	0.27339
2728	126.9474	0.27339
2729	126.9317	0.27339
2730	126.4933	0.27338
2731	126.4778	0.27338
2732	126.4626	0.27338
2733	126.448	0.27338
2734	126.4318	0.27338
2735	125.9871	0.27338
2736	125.9727	0.27338
2737	125.9584	0.27338
2738	125.9418	0.27338
2739	125.9291	0.27338
2740	125.4896	0.27337
2741	125.4727	0.27337
2742	125.4584	0.27338
2743	125.4438	0.27337
2744	125.4277	0.27337
2745	124.9867	0.27337
2746	124.9715	0.27337
2747	124.9574	0.27337
2748	124.941	0.27337
2749	124.9271	0.27337
2750	124.4914	0.27337
2751	124.4757	0.27337
2752	124.46	0.27337
2753	124.4445	0.27337
2754	124.4288	0.27337
2755	123.9902	0.27337
2756	123.9755	0.27337
2757	123.9596	0.27337
2758	123.9462	0.27337
2759	123.9287	0.27337
2760	123.4908	0.27337
2761	123.4742	0.27337
2762	123.4592	0.27337
2763	123.4451	0.27337
2764	123.4313	0.27337
2765	122.9992	0.27336
2766	122.9821	0.27336
2767	122.9662	0.27336
2768	122.9534	0.27336
2769	122.9349	0.27336
2770	122.4894	0.27336
2771	122.4735	0.27336
2772	122.4604	0.27336
2773	122.4431	0.27336
2774	122.4279	0.27336
2775	121.9946	0.27335
2776	121.979	0.27336
2777	121.9624	0.27336
2778	121.9491	0.27336
2779	121.935	0.27335
2780	121.4866	0.27335
2781	121.4716	0.27335
2782	121.4585	0.27335
2783	121.4433	0.27335
2784	121.4272	0.27335
2785	120.9935	0.27335
2786	120.979	0.27335
2787	120.9661	0.27335
2788	120.9489	0.27335
2789	120.9337	0.27335
2790	120.4882	0.27334
2791	120.4735	0.27334
2792	120.457	0.27334
2793	120.4434	0.27334
2794	120.4253	0.27334
2795	119.9917	0.27334
2796	119.9772	0.27334
2797	119.96	0.27334
2798	119.9449	0.27334
2799	119.9286	0.27334
2800	119.4868	0.27334
2801	119.4726	0.27334
2802	119.4577	0.27334
2803	119.4447	0.27334
2804	119.4291	0.27334
2805	118.9921	0.27333
2806	118.9763	0.27333
2807	118.9605	0.27333
2808	118.9466	0.27333
2809	118.9315	0.27333
2810	118.494	0.27333
2811	118.4787	0.27333
2812	118.4647	0.27333
2813	118.4501	0.27333
2814	118.435	0.27333
2815	117.9886	0.27333
2816	117.9737	0.27333
2817	117.9586	0.27332
2818	117.9435	0.27332
2819	117.9273	0.27332
2820	117.4919	0.27332
2821	117.4773	0.27332
2822	117.4616	0.27332
2823	117.4442	0.27332
2824	117.431	0.27332
2825	116.9866	0.27332
2826	116.972	0.27332
2827	116.9526	0.27332
2828	116.9389	0.27332
2829	116.9238	0.27332
2830	116.4905	0.27331
2831	116.4741	0.27331
2832	116.4602	0.27331
2833	116.4433	0.27331
2834	116.4268	0.27331
2835	115.9947	0.27331
2836	115.9798	0.27331
2837	115.9648	0.27331
2838	115.9509	0.27331
2839	115.9363	0.27331
2840	115.4905	0.27331
2841	115.4773	0.27331
2842	115.4602	0.27331
2843	115.4436	0.2733
2844	115.4299	0.2733
2845	114.994	0.2733
2846	114.9796	0.2733
2847	114.9657	0.2733
2848	114.9513	0.2733
2849	114.9349	0.2733
2850	114.4925	0.2733
2851	114.477	0.2733
2852	114.462	0.2733
2853	114.4471	0.2733
2854	114.4323	0.2733
2855	113.9895	0.2733
2856	113.9735	0.2733
2857	113.9596	0.27329
2858	113.9441	0.27329
2859	113.9293	0.27329
2860	113.493	0.27329
2861	113.478	0.27329
2862	113.4623	0.27329
2863	113.449	0.27329
2864	113.4349	0.27329
2865	112.9883	0.27329
2866	112.9735	0.27329
2867	112.9578	0.27329
2868	112.9425	0.27329
2869	112.9296	0.27329
2870	112.4925	0.27328
2871	112.4772	0.27328
2872	112.4627	0.27328
2873	112.4461	0.27328
2874	112.4333	0.27328
2875	111.9814	0.27328
2876	111.9687	0.27328
2877	111.952	0.27328
2878	111.9366	0.27328
2879	111.92	0.27328
2880	111.4934	0.27328
2881	111.4773	0.27328
2882	111.4621	0.27327
2883	111.4493	0.27328
2884	111.4334	0.27328
2885	110.9913	0.27327
2886	110.9764	0.27327
2887	110.96	0.27327
2888	110.945	0.27327
2889	110.9309	0.27327
2890	110.4845	0.27327
2891	110.4699	0.27327
2892	110.4561	0.27327
2893	110.4393	0.27327
2894	110.4247	0.27327
2895	109.9929	0.27326
2896	109.977	0.27326
2897	109.9616	0.27327
2898	109.947	0.27327
2899	109.933	0.27327
2900	109.4845	0.27326
2901	109.4699	0.27326
2902	109.4549	0.27326
2903	109.4431	0.27326
2904	109.4266	0.27326
2905	108.9935	0.27326
2906	108.977	0.27326
2907	108.9629	0.27326
2908	108.9484	0.27326
2909	108.9332	0.27326
2910	108.4887	0.27326
2911	108.4733	0.27325
2912	108.4585	0.27325
2913	108.4417	0.27325
2914	108.4263	0.27325
2915	107.9868	0.27325
2916	107.973	0.27325
2917	107.9561	0.27325
2918	107.9422	0.27325
2919	107.9271	0.27325
2920	107.4873	0.27325
2921	107.4728	0.27325
2922	107.4576	0.27325
2923	107.4425	0.27325
2924	107.4273	0.27325
2925	106.9902	0.27325
2926	106.9741	0.27325
2927	106.9585	0.27324
2928	106.9445	0.27324
2929	106.9275	0.27324
2930	106.4873	0.27324
2931	106.4726	0.27324
2932	106.4556	0.27324
2933	106.4416	0.27324
2934	106.4262	0.27324
2935	105.989	0.27323
2936	105.9718	0.27323
2937	105.9578	0.27323
2938	105.9429	0.27323
2939	105.9264	0.27323
2940	105.4878	0.27323
2941	105.4731	0.27323
2942	105.4573	0.27323
2943	105.4428	0.27323
2944	105.4265	0.27323
2945	104.9938	0.27322
2946	104.9802	0.27322
2947	104.9635	0.27322
2948	104.9499	0.27322
2949	104.9332	0.27322
2950	104.4858	0.27322
2951	104.4712	0.27322
2952	104.4562	0.27322
2953	104.4413	0.27322
2954	104.4269	0.27322
2955	103.9915	0.27322
2956	103.9771	0.27322
2957	103.9608	0.27322
2958	103.9486	0.27322
2959	103.9317	0.27322
2960	103.4921	0.27321
2961	103.4759	0.27321
2962	103.4598	0.27321
2963	103.4469	0.27321
2964	103.4314	0.27322
2965	102.9929	0.27321
2966	102.9769	0.27321
2967	102.9622	0.27321
2968	102.9457	0.27321
2969	102.9326	0.27321
2970	102.4874	0.27321
2971	102.4716	0.27321
2972	102.4569	0.27321
2973	102.442	0.27321
2974	102.4269	0.27321
2975	101.9937	0.2732
2976	101.977	0.2732
2977	101.9603	0.2732
2978	101.9418	0.2732
2979	101.9305	0.2732
2980	101.4879	0.2732
2981	101.4721	0.2732
2982	101.4579	0.2732
2983	101.443	0.2732
2984	101.4281	0.2732
2985	100.9891	0.2732
2986	100.9737	0.2732
2987	100.9595	0.2732
2988	100.9453	0.2732
2989	100.9282	0.2732
2990	100.4946	0.27319
2991	100.4795	0.27319
2992	100.4646	0.27319
2993	100.449	0.27319
2994	100.4342	0.27319
2995	99.9878	0.27319
2996	99.9747	0.27319
2997	99.9565	0.27319
2998	99.9425	0.27319
2999	99.9299	0.27319
3000	99.4913	0.27319
3001	99.4747	0.27319
3002	99.4557	0.27319
3003	99.4407	0.27319
3004	99.4249	0.27319
3005	98.9981	0.27319
3006	98.9785	0.27319
3007	98.9632	0.27318
3008	98.9513	0.27318
3009	98.9355	0.27318
3010	98.4862	0.27318
3011	98.4716	0.27318
3012	98.451	0.27318
3013	98.435	0.27318
3014	98.4211	0.27318
3015	97.9897	0.27318
3016	97.9764	0.27318
3017	97.9625	0.27318
3018	97.9462	0.27318
3019	97.9269	0.27318
3020	97.4893	0.27317
3021	97.475	0.27317
3022	97.4611	0.27318
3023	97.4456	0.27317
3024	97.4306	0.27317
3025	96.9906	0.27317
3026	96.9764	0.27317
3027	96.9612	0.27317
3028	96.9466	0.27317
3029	96.9304	0.27317
3030	96.4896	0.27317
3031	96.4749	0.27317
3032	96.455	0.27317
3033	96.4395	0.27317
3034	96.4272	0.27317
3035	95.9955	0.27317
3036	95.9795	0.27317
3037	95.9628	0.27317
3038	95.9452	0.27317
3039	95.9308	0.27316
3040	95.4974	0.27316
3041	95.4852	0.27316
3042	95.4675	0.27316
3043	95.4503	0.27316
3044	95.4382	0.27316
3045	94.9958	0.27316
3046	94.9826	0.27316
3047	94.9672	0.27316
3048	94.9504	0.27316
3049	94.9353	0.27316
3050	94.4885	0.27315
3051	94.4718	0.27316
3052	94.4553	0.27316
3053	94.4369	0.27316
3054	94.4221	0.27315
3055	93.9976	0.27315
3056	93.9835	0.27315
3057	93.9663	0.27315
3058	93.9489	0.27315
3059	93.9352	0.27315
3060	93.4913	0.27315
3061	93.4763	0.27315
3062	93.4585	0.27315
3063	93.4419	0.27315
3064	93.4231	0.27315
3065	92.9906	0.27314
3066	92.9723	0.27315
3067	92.9569	0.27315
3068	92.9356	0.27314
3069	92.9226	0.27314
3070	92.4859	0.27314
3071	92.4731	0.27314
3072	92.4574	0.27314
3073	92.4383	0.27314
3074	92.4209	0.27314
3075	91.9854	0.27314
3076	91.9685	0.27314
3077	91.954	0.27314
3078	91.9353	0.27314
3079	91.9212	0.27314
3080	91.49	0.27313
3081	91.4743	0.27314
3082	91.4614	0.27314
3083	91.4398	0.27314
3084	91.4277	0.27314
3085	90.9884	0.27313
3086	90.9754	0.27313
3087	90.9577	0.27313
3088	90.9406	0.27313
3089	90.9248	0.27313
3090	90.4884	0.27313
3091	90.4751	0.27313
3092	90.4624	0.27313
3093	90.4409	0.27313
3094	90.4277	0.27313
3095	89.9868	0.27313
3096	89.9731	0.27313
3097	89.9563	0.27312
3098	89.9394	0.27313
3099	89.9265	0.27312
3100	89.4939	0.27312
3101	89.4785	0.27312
3102	89.4663	0.27312
3103	89.4491	0.27312
3104	89.4372	0.27312
3105	88.9862	0.27312
3106	88.9719	0.27312
3107	88.9491	0.27312
3108	88.9383	0.27312
3109	88.9198	0.27312
3110	88.4871	0.27312
3111	88.4752	0.27312
3112	88.4577	0.27312
3113	88.4429	0.27312
3114	88.4307	0.27312
3115	87.9998	0.27311
3116	87.9886	0.27311
3117	87.9706	0.27311
3118	87.9458	0.27311
3119	87.9351	0.27311
3120	87.483	0.27311
3121	87.4701	0.27311
3122	87.4555	0.27311
3123	87.4417	0.27311
3124	87.4236	0.27311
3125	86.9958	0.27311
3126	86.9818	0.27311
3127	86.968	0.27311
3128	86.954	0.27311
3129	86.9367	0.27311
3130	86.4938	0.2731
3131	86.4692	0.2731
3132	86.4539	0.2731
3133	86.4461	0.2731
3134	86.4228	0.2731
3135	85.9896	0.2731
3136	85.9756	0.2731
3137	85.9695	0.2731
3138	85.9518	0.2731
3139	85.9303	0.2731
3140	85.4886	0.2731
3141	85.481	0.2731
3142	85.4611	0.2731
3143	85.4435	0.2731
3144	85.4273	0.2731
3145	84.9915	0.27309
3146	84.9717	0.27309
3147	84.9572	0.2731
3148	84.9435	0.27309
3149	84.9309	0.27309
3150	84.4939	0.27309
3151	84.4769	0.27309
3152	84.47	0.27309
3153	84.4465	0.27309
3154	84.4289	0.27309
3155	83.9967	0.27309
3156	83.9773	0.27309
3157	83.9626	0.27309
3158	83.9487	0.27309
3159	83.9341	0.27309
3160	83.5	0.27308
3161	83.4915	0.27309
3162	83.4742	0.27308
3163	83.4515	0.27309
3164	83.4449	0.27308
3165	82.992	0.27308
3166	82.9748	0.27308
3167	82.9576	0.27308
3168	82.944	0.27308
3169	82.925	0.27308
3170	82.49	0.27308
3171	82.4782	0.27308
3172	82.4604	0.27308
3173	82.4531	0.27308
3174	82.4262	0.27308
3175	81.9843	0.27308
3176	81.9821	0.27308
3177	81.9588	0.27308
3178	81.9399	0.27308
3179	81.9314	0.27308
3180	81.4791	0.27309
3181	81.4701	0.27309
3182	81.4548	0.27309
3183	81.4348	0.27309
3184	81.4204	0.27309
3185	80.9999	0.27309
3186	80.983	0.27309
3187	80.9651	0.27309
3188	80.956	0.27309
3189	80.9355	0.27309
3190	80.4847	0.27309
3191	80.4714	0.27308
3192	80.4608	0.27308
3193	80.4342	0.27308
3194	80.4191	0.27308
3195	79.9941	0.27308
3196	79.9811	0.27308
3197	79.9538	0.27308
3198	79.9423	0.27308
3199	79.937	0.27308
3200	79.493	0.27308
3201	79.4807	0.27308
3202	79.4614	0.27308
3203	79.4552	0.27308
3204	79.4355	0.27308
3205	78.983	0.27307
3206	78.9673	0.27307
3207	78.9577	0.27307
3208	78.938	0.27307
3209	78.9188	0.27307
3210	78.4856	0.27306
3211	78.47	0.27306
3212	78.4505	0.27307
3213	78.4419	0.27306
3214	78.4185	0.27306
3215	77.9917	0.27306
3216	77.9771	0.27306
3217	77.9583	0.27306
3218	77.9454	0.27306
3219	77.9307	0.27306
3220	77.4892	0.27306
3221	77.4703	0.27306
3222	77.4515	0.27306
3223	77.4318	0.27306
3224	77.4256	0.27306
3225	76.9956	0.27306
3226	76.9853	0.27305
3227	76.964	0.27306
3228	76.9427	0.27306
3229	76.936	0.27305
3230	76.4986	0.27305
3231	76.4791	0.27306
3232	76.4656	0.27305
3233	76.4567	0.27305
3234	76.4321	0.27305
3235	75.9877	0.27305
3236	75.9717	0.27305
3237	75.9616	0.27305
3238	75.9389	0.27305
3239	75.9296	0.27305
3240	75.4916	0.27305
3241	75.4763	0.27305
3242	75.4545	0.27305
3243	75.4386	0.27305
3244	75.4219	0.27305
3245	74.9805	0.27305
3246	74.9663	0.27305
3247	74.9481	0.27305
3248	74.9374	0.27305
3249	74.9183	0.27305
3250	74.4952	0.27304
3251	74.4837	0.27304
3252	74.4663	0.27304
3253	74.4498	0.27304
3254	74.4324	0.27304
3255	73.9829	0.27304
3256	73.9739	0.27304
3257	73.9607	0.27304
3258	73.9393	0.27304
3259	73.9254	0.27304
3260	73.4908	0.27304
3261	73.4714	0.27304
3262	73.46	0.27304
3263	73.4379	0.27304
3264	73.4263	0.27304
3265	72.9994	0.27303
3266	72.9746	0.27304
3267	72.9657	0.27304
3268	72.9535	0.27304
3269	72.9352	0.27304
3270	72.4852	0.27303
3271	72.4715	0.27304
3272	72.457	0.27303
3273	72.4409	0.27303
3274	72.4264	0.27303
3275	71.9859	0.27303
3276	71.9723	0.27303
3277	71.9664	0.27303
3278	71.9471	0.27303
3279	71.9319	0.27303
3280	71.4971	0.27303
3281	71.4828	0.27303
3282	71.4643	0.27303
3283	71.4428	0.27303
3284	71.4348	0.27303
3285	70.9901	0.27303
3286	70.9767	0.27303
3287	70.9569	0.27303
3288	70.9403	0.27302
3289	70.9261	0.27303
3290	70.4849	0.27302
3291	70.4786	0.27302
3292	70.4558	0.27302
3293	70.44	0.27302
3294	70.4282	0.27302
3295	69.9946	0.27302
3296	69.9774	0.27302
3297	69.965	0.27302
3298	69.9432	0.27302
3299	69.9323	0.27302
3300	69.4894	0.27302
3301	69.4786	0.27302
3302	69.4661	0.27302
3303	69.4561	0.27302
3304	69.4344	0.27302
3305	68.9839	0.27302
3306	68.9693	0.27301
3307	68.9539	0.27301
3308	68.9467	0.27302
3309	68.922	0.27302
3310	68.4961	0.27301
3311	68.4861	0.27301
3312	68.4663	0.27301
3313	68.4563	0.27301
3314	68.4379	0.27301
3315	67.9907	0.27301
3316	67.9762	0.27301
3317	67.9622	0.27301
3318	67.9523	0.27301
3319	67.9303	0.27301
3320	67.4956	0.27301
3321	67.4812	0.27301
3322	67.4616	0.27301
3323	67.4465	0.27301
3324	67.4412	0.27301
3325	66.9832	0.27301
3326	66.9719	0.273
3327	66.957	0.273
3328	66.9415	0.27301
3329	66.931	0.27301
3330	66.495	0.273
3331	66.4779	0.273
3332	66.4656	0.273
3333	66.4477	0.273
3334	66.4292	0.273
3335	65.9905	0.273
3336	65.9812	0.273
3337	65.9613	0.273
3338	65.9494	0.273
3339	65.9371	0.273
3340	65.4963	0.273
3341	65.4809	0.273
3342	65.4706	0.273
3343	65.4544	0.273
3344	65.439	0.273
3345	64.9978	0.273
3346	64.9803	0.273
3347	64.9716	0.273
3348	64.9519	0.273
3349	64.9396	0.273
3350	64.4916	0.27299
3351	64.4713	0.27299
3352	64.4569	0.27299
3353	64.4432	0.27299
3354	64.4289	0.27299
3355	63.9908	0.27299
3356	63.9736	0.27299
3357	63.9608	0.27299
3358	63.9468	0.27299
3359	63.9253	0.27299
3360	63.4968	0.27299
3361	63.4812	0.27299
3362	63.4612	0.27299
3363	63.4463	0.27299
3364	63.4328	0.27299
3365	62.9812	0.27299
3366	62.9713	0.27299
3367	62.953	0.27299
3368	62.9431	0.27299
3369	62.9285	0.27299
3370	62.4888	0.27299
3371	62.474	0.27298
3372	62.4568	0.27298
3373	62.4477	0.27299
3374	62.4197	0.27298
3375	61.9909	0.27298
3376	61.9713	0.27298
3377	61.9553	0.27298
3378	61.9497	0.27298
3379	61.9323	0.27298
3380	61.4928	0.27298
3381	61.479	0.27298
3382	61.4569	0.27298
3383	61.4499	0.27298
3384	61.4321	0.27298
3385	60.9948	0.27298
3386	60.9811	0.27298
3387	60.9648	0.27298
3388	60.9545	0.27298
3389	60.9353	0.27298
3390	60.4821	0.27298
3391	60.4705	0.27298
3392	60.4562	0.27298
3393	60.4399	0.27298
3394	60.4271	0.27298
3395	59.997	0.27298
3396	59.9748	0.27298
3397	59.9653	0.27297
3398	59.9494	0.27298
3399	59.9305	0.27297
3400	59.4917	0.27297
3401	59.4732	0.27297
3402	59.4544	0.27297
3403	59.441	0.27297
3404	59.4246	0.27297
3405	58.9872	0.27297
3406	58.9732	0.27297
3407	58.9539	0.27297
3408	58.9395	0.27297
3409	58.9302	0.27297
3410	58.4894	0.27297
3411	58.4748	0.27296
3412	58.4605	0.27297
3413	58.446	0.27297
3414	58.4275	0.27297
3415	57.9911	0.27296
3416	57.9768	0.27296
3417	57.9597	0.27295
3418	57.9473	0.27296
3419	57.9268	0.27295
3420	57.4936	0.27295
3421	57.4767	0.27295
3422	57.4663	0.27295
3423	57.4453	0.27295
3424	57.4343	0.27295
3425	56.995	0.27295
3426	56.973	0.27295
3427	56.9685	0.27295
3428	56.9472	0.27295
3429	56.9322	0.27295
3430	56.491	0.27295
3431	56.4776	0.27295
3432	56.4642	0.27295
3433	56.4483	0.27295
3434	56.4298	0.27295
3435	56.0028	0.27295
3436	55.9845	0.27295
3437	55.9669	0.27295
3438	55.9529	0.27295
3439	55.9333	0.27295
3440	55.4821	0.27294
3441	55.4765	0.27294
3442	55.4589	0.27294
3443	55.4467	0.27295
3444	55.4253	0.27294
3445	54.9905	0.27294
3446	54.9727	0.27294
3447	54.9615	0.27294
3448	54.9385	0.27294
3449	54.9223	0.27294
3450	54.4895	0.27294
3451	54.4765	0.27294
3452	54.4635	0.27294
3453	54.4441	0.27294
3454	54.4275	0.27294
3455	53.9942	0.27294
3456	53.9777	0.27294
3457	53.961	0.27294
3458	53.9494	0.27294
3459	53.9298	0.27294
3460	53.4771	0.27293
3461	53.4686	0.27294
3462	53.454	0.27293
3463	53.4367	0.27293
3464	53.4234	0.27293
3465	52.9945	0.27293
3466	52.9777	0.27293
3467	52.9554	0.27293
3468	52.9506	0.27293
3469	52.9308	0.27293
3470	52.4957	0.27293
3471	52.4743	0.27293
3472	52.4654	0.27293
3473	52.4461	0.27293
3474	52.4301	0.27293
3475	51.9957	0.27293
3476	51.9764	0.27293
3477	51.9616	0.27293
3478	51.9481	0.27293
3479	51.9327	0.27293
3480	51.4835	0.27293
3481	51.47	0.27293
3482	51.4527	0.27293
3483	51.4393	0.27293
3484	51.4276	0.27293
3485	50.9843	0.27293
3486	50.9635	0.27293
3487	50.9501	0.27293
3488	50.9386	0.27293
3489	50.9169	0.27292
3490	50.4852	0.27293
3491	50.4686	0.27292
3492	50.4582	0.27293
3493	50.4409	0.27292
3494	50.4278	0.27292
3495	49.9951	0.27293
3496	49.9788	0.27293
3497	49.9634	0.27292
3498	49.9515	0.27292
3499	49.9297	0.27292
3500	49.496	0.27292
3501	49.4774	0.27292
3502	49.4683	0.27292
3503	49.4441	0.27292
3504	49.434	0.27292
3505	48.9892	0.27292
3506	48.9724	0.27292
3507	48.9562	0.27292
3508	48.9377	0.27292
3509	48.926	0.27292
3510	48.4943	0.27292
3511	48.48	0.27292
3512	48.4606	0.27292
3513	48.449	0.27292
3514	48.4324	0.27292
3515	48.0006	0.27292
3516	47.9765	0.27292
3517	47.96	0.27292
3518	47.9474	0.27292
3519	47.9337	0.27292
3520	47.496	0.27291
3521	47.4822	0.27292
3522	47.4691	0.27292
3523	47.4512	0.27291
3524	47.4378	0.27292
3525	46.9908	0.27291
3526	46.9731	0.27291
3527	46.9641	0.27291
3528	46.9421	0.27291
3529	46.9319	0.27291
3530	46.4884	0.27291
3531	46.4761	0.27291
3532	46.4586	0.27291
3533	46.4455	0.27291
3534	46.4343	0.27291
3535	45.9927	0.27291
3536	45.9792	0.27291
3537	45.9577	0.27291
3538	45.945	0.27291
3539	45.9344	0.27291
3540	45.489	0.27291
3541	45.4755	0.27291
3542	45.4593	0.27291
3543	45.4447	0.27291
3544	45.4317	0.27291
3545	44.9906	0.27291
3546	44.9778	0.27291
3547	44.9644	0.2729
3548	44.9469	0.27291
3549	44.9309	0.2729
3550	44.4886	0.2729
3551	44.4703	0.2729
3552	44.4585	0.27291
3553	44.4417	0.2729
3554	44.4248	0.2729
3555	43.9867	0.2729
3556	43.9725	0.2729
3557	43.9546	0.2729
3558	43.941	0.2729
3559	43.9284	0.2729
3560	43.4898	0.2729
3561	43.4698	0.2729
3562	43.4608	0.2729
3563	43.4422	0.2729
3564	43.4302	0.2729
3565	42.9947	0.2729
3566	42.9777	0.2729
3567	42.9609	0.2729
3568	42.9481	0.2729
3569	42.9312	0.2729
3570	41.9943	0.2729
3571	41.9754	0.27289
3572	41.9637	0.27289
3573	41.9472	0.27289
3574	41.9366	0.27289
3575	41.4905	0.27289
3576	41.4709	0.27289
3577	41.4575	0.27289
3578	41.4438	0.27289
3579	41.4243	0.27289
3580	40.9943	0.27289
3581	40.9824	0.27289
3582	40.9664	0.27289
3583	40.9484	0.27289
3584	40.9341	0.27289
3585	40.4874	0.27289
3586	40.4769	0.27289
3587	40.4582	0.27289
3588	40.4428	0.27289
3589	40.4288	0.27289
3590	39.9914	0.27289
3591	39.9794	0.27289
3592	39.9615	0.27289
3593	39.9459	0.27289
3594	39.9311	0.27289
3595	39.4921	0.27289
3596	39.4802	0.27289
3597	39.4652	0.27288
3598	39.447	0.27288
3599	39.4283	0.27289
3600	38.9895	0.27288
3601	38.9737	0.27289
3602	38.9615	0.27288
3603	38.9446	0.27288
3604	38.9275	0.27289
3605	38.4925	0.27289
3606	38.4774	0.27288
3607	37.9893	0.27288
3608	37.9712	0.27288
3609	37.962	0.27288
3610	37.9409	0.27288
3611	37.9277	0.27288
3612	37.4896	0.27288
3613	37.4718	0.27288
3614	37.4601	0.27288
3615	37.4457	0.27288
3616	37.4234	0.27288
3617	36.9905	0.27288
3618	36.9735	0.27288
3619	36.9547	0.27288
3620	36.9375	0.27288
3621	36.9222	0.27288
3622	36.4955	0.27288
3623	36.4811	0.27288
3624	36.463	0.27288
3625	36.4473	0.27288
3626	36.435	0.27288
3627	35.9874	0.27287
3628	35.9682	0.27287
3629	35.9547	0.27287
3630	35.9372	0.27287
3631	35.9243	0.27288
3632	35.4868	0.27287
3633	35.4699	0.27287
3634	35.4531	0.27287
3635	35.4362	0.27287
3636	35.4234	0.27287
3637	34.993	0.27287
3638	34.9788	0.27287
3639	34.9633	0.27287
3640	34.9479	0.27287
3641	34.9316	0.27287
3642	34.4959	0.27287
3643	34.4767	0.27287
3644	34.4634	0.27287
3645	34.449	0.27287
3646	34.4349	0.27287
3647	33.993	0.27287
3648	33.9771	0.27287
3649	33.9625	0.27287
3650	33.9448	0.27287
3651	33.9286	0.27287
3652	33.4883	0.27287
3653	33.4746	0.27287
3654	33.4559	0.27287
3655	33.4372	0.27287
3656	33.4244	0.27287
3657	32.9961	0.27287
3658	32.9799	0.27287
3659	32.9649	0.27287
3660	32.9548	0.27287
3661	32.934	0.27287
3662	32.4875	0.27287
3663	32.4731	0.27287
3664	32.4556	0.27287
3665	32.443	0.27286
3666	32.426	0.27287
3667	31.9818	0.27287
3668	31.9713	0.27287
3669	31.9585	0.27287
3670	31.9409	0.27287
3671	31.9251	0.27287
3672	31.4956	0.27287
3673	31.4783	0.27287
3674	31.4646	0.27287
3675	31.4478	0.27286
3676	31.4279	0.27287
3677	30.9945	0.27286
3678	30.9778	0.27286
3679	30.9633	0.27287
3680	30.9463	0.27287
3681	30.9292	0.27286
3682	30.4934	0.27286
3683	30.4776	0.27286
3684	30.4593	0.27286
3685	30.4411	0.27286
3686	30.4311	0.27286
3687	29.995	0.27286
3688	29.9775	0.27286
3689	29.9581	0.27286
3690	29.9426	0.27286
3691	29.9282	0.27286
3692	29.49	0.27286
3693	29.4732	0.27286
3694	29.4562	0.27286
3695	29.4392	0.27286
3696	29.4252	0.27286
3697	28.9873	0.27286
3698	28.9723	0.27286
3699	28.9573	0.27286
3700	28.9467	0.27286
3701	28.9266	0.27286
3702	28.4916	0.27286
3703	28.4751	0.27286
3704	28.4594	0.27286
3705	28.4453	0.27286
3706	28.4293	0.27286
3707	27.9921	0.27286
3708	27.9762	0.27286
3709	27.9608	0.27286
3710	27.9466	0.27286
3711	27.9308	0.27286
3712	27.4922	0.27286
3713	27.4812	0.27286
3714	27.4629	0.27286
3715	27.4506	0.27286
3716	27.435	0.27286
3717	26.9884	0.27286
3718	26.9721	0.27286
3719	26.9574	0.27286
3720	26.9415	0.27286
3721	26.9221	0.27286
3722	26.4867	0.27286
3723	26.471	0.27286
3724	26.4552	0.27286
3725	26.4383	0.27286
3726	26.4222	0.27286
3727	25.9869	0.27286
3728	25.9729	0.27286
3729	25.9569	0.27286
3730	25.9418	0.27286
3731	25.9255	0.27286
3732	25.4929	0.27286
3733	25.4743	0.27286
3734	25.4609	0.27286
3735	25.4455	0.27286
3736	25.43	0.27286
3737	24.9961	0.27285
3738	24.9807	0.27285
3739	24.9614	0.27286
3740	24.9493	0.27285
3741	24.9327	0.27285
3742	24.4878	0.27285
3743	24.4782	0.27285
3744	24.4572	0.27286
3745	24.441	0.27286
3746	24.4216	0.27285
3747	23.9869	0.27285
3748	23.969	0.27285
3749	23.9573	0.27285
3750	23.9441	0.27285
3751	23.929	0.27285
3752	23.4942	0.27285
3753	23.4767	0.27285
3754	23.4572	0.27285
3755	23.4408	0.27285
3756	23.4267	0.27285
3757	22.989	0.27285
3758	22.9734	0.27285
3759	22.9601	0.27285
3760	22.9438	0.27285
3761	22.9282	0.27285
3762	22.4939	0.27285
3763	22.4784	0.27285
3764	22.4635	0.27285
3765	22.4469	0.27285
3766	22.4359	0.27285
3767	21.9865	0.27285
3768	21.9714	0.27285
3769	21.9563	0.27285
3770	21.9404	0.27285
3771	21.925	0.27285
3772	21.4883	0.27285
3773	21.4732	0.27285
3774	21.459	0.27285
3775	21.4417	0.27285
3776	21.4262	0.27285
3777	20.9891	0.27285
3778	20.9722	0.27285
3779	20.9554	0.27285
3780	20.9413	0.27285
3781	20.9234	0.27285
3782	20.4872	0.27285
3783	20.4725	0.27285
3784	20.4577	0.27285
3785	20.4424	0.27285
3786	20.4245	0.27285
3787	19.9871	0.27285
3788	19.9721	0.27285
3789	19.9549	0.27285
3790	19.9409	0.27285
3791	19.9246	0.27285
3792	19.4813	0.27285
3793	19.469	0.27285
3794	19.4529	0.27285
3795	19.4365	0.27285
3796	19.4221	0.27285
3797	18.9822	0.27285
3798	18.9664	0.27285
3799	18.955	0.27285
3800	18.9376	0.27285
3801	18.9234	0.27285
3802	18.4979	0.27285
3803	18.4819	0.27285
3804	18.465	0.27285
3805	18.452	0.27285
3806	18.4353	0.27285
3807	17.9943	0.27285
3808	17.9758	0.27285
3809	17.9626	0.27285
3810	17.9447	0.27285
3811	17.9324	0.27285
3812	17.4938	0.27285
3813	17.479	0.27285
3814	17.4641	0.27285
3815	17.4493	0.27285
3816	17.4369	0.27285
3817	16.9856	0.27285
3818	16.9728	0.27285
3819	16.9568	0.27285
3820	16.9412	0.27285
3821	16.929	0.27285
3822	16.4973	0.27285
3823	16.4855	0.27285
3824	16.467	0.27285
3825	16.4517	0.27285
3826	16.4342	0.27285
3827	15.9852	0.27285
3828	15.9693	0.27285
3829	15.9549	0.27285
3830	15.9381	0.27285
3831	15.9219	0.27285
3832	15.4941	0.27285
3833	15.4783	0.27285
3834	15.4632	0.27285
3835	15.4471	0.27285
3836	15.4305	0.27285
3837	14.9918	0.27285
3838	14.9755	0.27285
3839	14.9541	0.27285
3840	14.9401	0.27285
3841	14.922	0.27285
3842	14.4923	0.27285
3843	14.4774	0.27285
3844	14.4657	0.27285
3845	14.4476	0.27285
3846	14.4329	0.27285
3847	13.9912	0.27285
3848	13.9767	0.27285
3849	13.9641	0.27285
3850	13.9474	0.27285
3851	13.9297	0.27285
3852	13.492	0.27285
3853	13.4756	0.27285
3854	13.4592	0.27285
3855	13.4446	0.27285
3856	13.4289	0.27285
3857	12.9854	0.27285
3858	12.9729	0.27285
3859	12.9556	0.27285
3860	12.9422	0.27285
3861	12.9274	0.27285
3862	12.4916	0.27285
3863	12.4759	0.27285
3864	12.4603	0.27285
3865	12.4491	0.27285
3866	12.4329	0.27285
3867	11.9857	0.27285
3868	11.9694	0.27285
3869	11.9502	0.27285
3870	11.9334	0.27285
3871	11.9173	0.27285
3872	11.4891	0.27285
3873	11.4729	0.27285
3874	11.4585	0.27285
3875	11.4413	0.27285
3876	11.4262	0.27285
3877	10.9859	0.27285
3878	10.9717	0.27285
3879	10.9564	0.27285
3880	10.939	0.27285
3881	10.923	0.27285
3882	10.4838	0.27285
3883	10.4688	0.27285
3884	10.4539	0.27285
3885	10.4404	0.27285
3886	10.423	0.27285