v.,09.06.10
GCALCAg.lit ,information: 
300.0148,0.325915976422832
299.7372,0.325911531557252
299.4735,0.325910131752008
299.2209,0.325907507313092
298.992,0.32590598633151
298.7313,0.325903899168264
298.5044,0.325902862333302
298.2233,0.325900876294868
297.96,0.325899599190892
297.72,0.325899185152454
297.4679,0.325898338283073
297.2485,0.32589841649421
296.9811,0.325896877079808
296.741,0.325896936652227
296.4857,0.325897366933298
296.2376,0.325897847275316
295.9661,0.325897580912605
295.7288,0.325898014528212
295.4907,0.325897970273514
295.2282,0.325898001038677
294.9769,0.325898814881202
294.7274,0.325897869557155
294.4814,0.325898599853509
294.2184,0.325899101880192
293.9724,0.325899597491855
293.7397,0.325899473181187
293.4791,0.325898927853805
293.2385,0.325899933840933
292.9881,0.325899811044243
292.7234,0.325899592989706
292.4791,0.325899274912877
292.2215,0.325899814176112
291.9817,0.325899526414047
291.7397,0.325899697057824
291.4804,0.325899989528482
291.2232,0.325899705869125
290.9789,0.325899035125659
290.7397,0.325897098547177
290.4805,0.325896567011214
290.227,0.325896781344664
289.9738,0.325894753672344
289.732,0.325894572697712
289.471,0.32589249514555
289.2371,0.325891659856513
288.98,0.325889605766943
288.7236,0.325887323472681
288.48,0.325886423874133
288.2189,0.325883519607467
287.9766,0.325881212925621
287.739,0.325879762543868
287.4796,0.325876633133944
287.2422,0.325873887549642
286.9823,0.325870638120875
286.7248,0.325866933876566
286.4706,0.325864077266118
286.2348,0.325860750866731
285.9699,0.325857233864916
285.7401,0.325853948682529
285.4827,0.32585048176637
285.2415,0.325847475520424
284.9718,0.325843575157831
284.732,0.32584069764021
284.4722,0.32583757049248
284.228,0.325833365011202
283.9736,0.325829684772224
283.7362,0.325825760717936
283.4789,0.325822298207826
283.2252,0.325819213168818
282.9941,0.325815332325446
282.7373,0.325811755430296
282.4767,0.325808153594018
282.2242,0.325804015407323
281.9857,0.325800559349917
281.7359,0.325796675654204
281.477,0.325792732319577
281.2378,0.325789155064478
280.9877,0.325785388185928
280.7254,0.3257813059949
280.4833,0.325776293834727
280.2295,0.325773802635437
279.9774,0.325768962596181
279.7411,0.325765051162258
279.4837,0.325761592756908
279.2236,0.325757527092152
278.9869,0.325753259894007
278.7318,0.325749346886211
278.4739,0.325745414550916
278.239,0.325741397419281
277.9778,0.325736972027205
277.7386,0.325733753705128
277.4842,0.325729137603934
277.2275,0.325724860130463
276.9825,0.325721251556799
276.7263,0.3257168610844
276.4855,0.325712925445691
276.2306,0.325708662335956
275.9892,0.325704015559841
275.7349,0.325699875248684
275.4757,0.325696647085086
275.2372,0.325692728657583
274.9812,0.32568857799525
274.7226,0.325683703021742
274.483,0.325680722156286
274.2191,0.325676049191932
273.981,0.325672016924996
273.7406,0.325667852265678
273.4813,0.325663564382898
273.2205,0.325660329228202
272.9807,0.325655461431238
272.7211,0.325650937084565
272.4834,0.325646909595212
272.226,0.325643225366346
271.9787,0.325639136951683
271.7381,0.32563568165327
271.4806,0.325630819825096
271.2218,0.325626655907943
270.985,0.325622754389168
270.7286,0.325617782212968
270.4702,0.325613976847313
270.2239,0.32561013271453
269.9726,0.325606020355209
269.7292,0.32560148822053
269.4806,0.325597512168557
269.2261,0.325593262406758
268.9824,0.3255901436159
268.722,0.325584795928992
268.4821,0.32558087770046
268.2218,0.3255772994778
267.9922,0.325572623547667
267.7321,0.325568811581111
267.4721,0.325564646494944
267.2383,0.325560416427128
266.9769,0.325556596736487
266.7172,0.325551609642373
266.4864,0.325548225235004
266.2284,0.325543367919852
265.9814,0.325539407482884
265.718,0.325535812998256
265.475,0.325532115077208
265.2337,0.325528310880199
264.9852,0.325523517944049
264.7253,0.325518767579046
264.4763,0.325515739667293
264.2327,0.325510861007892
263.9707,0.325506806420775
263.7369,0.325503524558429
263.4893,0.325498856631292
263.2267,0.325494681890788
262.9683,0.325490416464903
262.7273,0.325486853562181
262.4681,0.3254824659499
262.2313,0.325478931116705
261.9819,0.325474489521972
261.7249,0.325470117533745
261.4818,0.325466071218949
261.2275,0.32546183453886
260.9806,0.325457529672937
260.7415,0.325453628310062
260.4844,0.325450082484257
260.2158,0.325445520195634
259.9871,0.325440979737886
259.7338,0.325437459946481
259.4746,0.325433430495003
259.2318,0.32542880054241
258.976,0.325424086015653
258.7366,0.325420893891434
258.4729,0.325416247897467
258.24,0.325412272517445
257.9742,0.325408203099627
257.7313,0.325404046207525
257.4752,0.325399333192535
257.2284,0.325395505549259
256.9758,0.3253916405834
256.7378,0.325387752315762
256.4741,0.325382991809037
256.2253,0.325377856703253
255.9892,0.325374335059167
255.7287,0.325369833528986
255.4821,0.325365165931073
255.2399,0.325361388606542
254.9751,0.32535862644757
254.729,0.325353628949254
254.4677,0.325349594210458
254.2279,0.325344755794046
253.9685,0.325340969674975
253.7334,0.325336043602852
253.4766,0.32533274706839
253.2304,0.325326691243124
252.9845,0.325323817878676
252.7266,0.325317923444466
252.4716,0.325313225762471
252.2244,0.325309756363843
251.9769,0.325305578624763
251.7242,0.325300896250774
251.4882,0.325296911719068
251.2333,0.325291273840093
250.9684,0.325286751681489
250.7179,0.325283381210172
250.4771,0.325278306674537
250.2386,0.325274071877562
249.9763,0.325268389474485
249.7315,0.325264587074448
249.4724,0.325259984975641
249.2264,0.325256057013957
248.9883,0.325251119767453
248.7271,0.325248979338917
248.4846,0.325242131077659
248.229,0.32523932058342
247.9921,0.325233804036763
247.726,0.32523080960648
247.4882,0.325226112251756
247.2259,0.325221376917518
246.9794,0.325215565338516
246.7221,0.325211215973914
246.4856,0.325207470303873
246.2193,0.325201416404305
245.9726,0.325197724202755
245.7335,0.325194434110477
245.474,0.325189013172703
245.2325,0.325183354635588
244.9944,0.325180660282934
244.7247,0.32517505816313
244.476,0.325170649239489
244.2421,0.325165746826533
243.9852,0.325161404270874
243.7413,0.325158086672049
243.4864,0.325153639948025
243.2211,0.325148892531498
242.979,0.325144292681003
242.7373,0.325138519176384
242.4759,0.32513603333649
242.2328,0.325129663491036
241.9712,0.325125882754353
241.7298,0.325120936647464
241.4689,0.325116456197471
241.228,0.325112101420957
240.9691,0.325106691263367
240.7276,0.325103394360204
240.4854,0.325098562548422
240.2247,0.325093496438402
239.9877,0.325089992627179
239.7249,0.325085972973802
239.4674,0.325080457461614
239.2219,0.325075617021672
238.9796,0.325070542797274
238.7382,0.325066306324093
238.4798,0.325062080955423
238.2216,0.32505762328775
237.9858,0.325052717450453
237.7292,0.325048034455007
237.469,0.325044034583255
237.2321,0.325039594726151
236.9764,0.325034448992267
236.7258,0.325029451738378
236.468,0.32502535105976
236.229,0.325020545778856
235.9695,0.325016788965967
235.7284,0.325012325777256
235.4653,0.325006898531394
235.2251,0.325002911305312
234.9662,0.324998100499695
234.728,0.324994009054951
234.4877,0.324988728544466
234.2227,0.324983645565603
233.9838,0.324981667109199
233.7236,0.324974969184885
233.4809,0.324970968548606
233.222,0.324966984915869
232.9849,0.324963959914078
232.7218,0.324958303623083
232.4866,0.324955057115398
232.2247,0.324949879497236
231.9854,0.324945783973993
231.7258,0.324941327969821
231.4851,0.32493851832735
231.2247,0.32493252884796
230.9809,0.324927937205101
230.7183,0.324922992762319
230.474,0.324919339164249
230.2387,0.324915037573537
229.9825,0.324911309834263
229.7299,0.324904901758779
229.4799,0.324901566466191
229.2196,0.32489781433337
228.9747,0.324892278445643
228.7285,0.324888263081554
228.4767,0.324884565217443
228.2355,0.324878820120666
227.9688,0.324876909851412
227.7265,0.324870451379927
227.4805,0.324867378990678
227.2188,0.324863856091537
226.9772,0.324858225803515
226.733,0.324854696962113
226.4892,0.324850111993851
226.2271,0.32484776318124
225.9786,0.324841151913431
225.7334,0.324836559739725
225.4762,0.324833890008128
225.2188,0.324827812021661
224.9785,0.324823486194066
224.727,0.324818268621585
224.4812,0.324816494063976
224.2178,0.32481120250865
223.9768,0.324806638819919
223.7361,0.324804192348284
223.4817,0.324798370770702
223.2208,0.324795798553655
222.9816,0.324789837924762
222.7399,0.324787386452359
222.4875,0.324780756699168
222.2241,0.324777700331545
221.9844,0.324775026304586
221.721,0.324767743837031
221.4809,0.324763188472211
221.2389,0.324760854560721
220.9801,0.324757006163081
220.721,0.324752099629667
220.4836,0.324749090272043
220.2208,0.324743221536256
219.982,0.324739264585225
219.7175,0.324734442306746
219.4783,0.324731306630793
219.2196,0.324728988198251
218.9808,0.324722566429016
218.742,0.324719081222271
218.4862,0.324713963452876
218.227,0.324709999299012
217.9693,0.324707218913995
217.7233,0.324700989174767
217.4875,0.324698345849977
217.2234,0.324694352616572
216.9795,0.32469048637253
216.741,0.324687825429496
216.4826,0.324683859496579
216.2431,0.324677682463287
215.9801,0.3246760456366
215.7402,0.324672205008987
215.4853,0.324668271167716
215.2415,0.324663232947636
214.9819,0.324661618529708
214.7274,0.324655340550235
214.4859,0.324650317498025
214.2245,0.324647519154395
213.9847,0.324642507193492
213.7236,0.324639711379285
213.48,0.324635849491918
213.2182,0.324631877108573
212.9763,0.324629201032528
212.7376,0.324624197896277
212.479,0.324620245129777
212.2382,0.324617577103025
211.9757,0.324612428069727
211.7182,0.324610829721909
211.4802,0.324607006020138
211.226,0.324604256051137
210.9831,0.324598056286988
210.7213,0.324594085233185
210.4832,0.324591435876329
210.2262,0.324587496123859
209.9856,0.324583659079219
209.7304,0.324580903681985
209.4653,0.324574567721388
209.22,0.324573048809514
208.9859,0.324569252109297
208.7233,0.324565279706387
208.4839,0.324561450974193
208.2418,0.324559952865138
207.981,0.324553645583741
207.7228,0.32455204858003
207.4787,0.324548191974696
207.2278,0.324544293843377
206.9743,0.324541551973674
206.735,0.324538900388202
206.4744,0.324531423147653
206.2253,0.32452636420936
205.9884,0.324521379982897
205.7283,0.324518601963527
205.4889,0.324517122171353
205.2315,0.324513186422797
204.9711,0.324510405378254
204.7312,0.324506579274636
204.4716,0.324503802751073
204.233,0.3245011573232
203.9755,0.3244948763029
203.7374,0.324492234624543
203.4771,0.324491801981065
203.2395,0.324486817778124
202.983,0.324482890162836
202.7204,0.324480098328204
202.479,0.324475092368838
202.2162,0.324474644813433
201.9718,0.324470793067546
201.732,0.324466970169463
201.4945,0.324464334265322
201.2175,0.324460282718785
200.9744,0.324455267094436
200.7349,0.324454965588737
200.4747,0.324449845410355
200.2319,0.324448351241257
199.9699,0.324444393453651
199.7307,0.324441748304731
199.4742,0.324438998676668
199.2306,0.324436327777929
198.9732,0.324434744900563
198.7344,0.324430931456614
198.4915,0.324427092877218
198.2408,0.324425552191999
197.9776,0.324422763077321
197.7285,0.324420059199503
197.4746,0.324416154246181
197.2346,0.324413507621041
196.9776,0.324408411634643
196.7384,0.324406943147366
196.4814,0.324404192959925
196.2242,0.324402614553223
195.9791,0.324398765225542
195.736,0.324396101308761
195.4801,0.324393358934623
195.2232,0.324391783405421
194.9845,0.324390319529451
194.7217,0.324387535908336
194.4649,0.324383616813935
194.2245,0.324382143456718
193.9656,0.32437938454906
193.7296,0.32437676611359
193.4847,0.324376438175776
193.2282,0.324372522499855
192.9694,0.324368592895157
192.7275,0.324365939695132
192.4691,0.32436318532564
192.2209,0.324362838677692
191.9831,0.324359038737923
191.7195,0.324357427152236
191.4914,0.324356030623574
191.2219,0.324354382447043
190.9797,0.324351728992683
190.7413,0.324350271538351
190.4848,0.324346358986074
190.2197,0.324345911261892
189.9788,0.324343266710938
189.7398,0.324342978952318
189.4836,0.324341413773428
189.2408,0.324338758944862
188.9825,0.324334837128978
188.723,0.324335597296835
188.477,0.32433409551208
188.2261,0.324331391413841
187.9861,0.324331099996799
187.7238,0.324325983233286
187.4942,0.324328099221227
187.2208,0.324324087833445
186.9824,0.324322633949662
186.7259,0.324322242582051
186.4873,0.324319616036433
186.2256,0.324316848424554
185.9842,0.324315378481057
185.7267,0.324313810947125
185.4841,0.324312332322316
185.224,0.324313092892939
184.9857,0.324310469864082
184.7238,0.324307703779558
184.4884,0.324308615261002
184.2271,0.324307025517071
183.9645,0.324301910907942
183.7245,0.324302796358197
183.4831,0.324302500301787
183.224,0.324298581043369
182.9874,0.324298314809802
182.7217,0.324296699386658
182.4788,0.324295224433331
182.2393,0.324294941672023
181.9815,0.324292203539092
181.7228,0.324291804809821
181.4854,0.324290363398998
181.2303,0.324288814232331
180.9873,0.324287340475698
180.7408,0.324283500816376
180.4779,0.324284249944854
180.239,0.324283973331067
179.9807,0.324281225052197
179.7227,0.324282015057763
179.4808,0.324280547840197
179.2204,0.324278971001702
178.9807,0.324275174619332
178.7363,0.324276038409123
178.4793,0.324274481953304
178.236,0.324275353127257
177.9773,0.324272615119615
177.7361,0.324268810658096
177.4758,0.324268408557323
177.2295,0.324268090816678
176.9694,0.324267689688631
176.7344,0.324265097885367
176.4931,0.324264810046206
176.2312,0.324263227421888
175.9696,0.324260474746108
175.733,0.324261389554879
175.4776,0.324258675046491
175.2345,0.324258379335944
174.9738,0.324256806509265
174.7314,0.324255342767171
174.4694,0.324254933787554
174.2272,0.324253472966219
173.9833,0.324250830110282
173.7415,0.324250544330354
173.4787,0.324247787296277
173.2397,0.324246348105674
172.9806,0.324245958783242
172.7177,0.324244375545846
172.4783,0.324244105591197
172.2197,0.324240205182915
171.9785,0.324240158732435
171.7206,0.324239428440234
171.4853,0.324237193403094
171.2277,0.324235174611319
170.9894,0.324235030730572
170.7361,0.324235383352708
170.4751,0.324232994483378
170.2373,0.324232269140812
169.9742,0.324232213253521
169.7365,0.324229964833737
169.4805,0.324227373280025
169.2208,0.324226987845016
168.978,0.32422482699556
168.7355,0.324225599230146
168.4796,0.324224181764045
168.2401,0.32421969951957
167.9805,0.32422154178738
167.7221,0.324218822168326
167.4821,0.324215871077764
167.2193,0.324216865686908
166.9758,0.324216229282311
166.7384,0.32421375309392
166.4728,0.324214038926111
166.2319,0.324212481260625
165.9798,0.324213785142132
165.7383,0.324212225561469
165.482,0.324210225048085
165.2311,0.324208140577532
164.9798,0.324208397367085
164.7421,0.324208268517638
164.4815,0.324206712015569
164.238,0.324206079719304
163.9837,0.324204797075624
163.7246,0.32420372103892
163.4896,0.32420384338381
163.223,0.324202254153212
162.9886,0.32420156164028
162.7213,0.324202196449451
162.4827,0.324198315042511
162.2211,0.324199570811776
161.9814,0.32419873039554
161.7417,0.324198242476177
161.4779,0.324196908367473
161.2241,0.324194814289656
160.9783,0.324195697208681
160.7336,0.324194244127857
160.4727,0.324196561720379
160.2335,0.324196665547744
159.9722,0.324193943198347
159.7297,0.324195317420447
159.4697,0.324194010023065
159.2277,0.324192575055434
158.9809,0.324191817542014
158.7179,0.324192016749856
158.4734,0.324191975203166
158.2325,0.324191253604741
157.9914,0.324191114836916
157.7318,0.324188876627529
157.4711,0.324189444381285
157.2283,0.324190470476582
156.9838,0.32418738524687
156.7237,0.324188661016765
156.4837,0.324187947957683
156.2238,0.324189695566794
155.981,0.324185333449893
155.7254,0.324187692673713
155.4898,0.324187007797198
155.2284,0.32418687396729
154.9777,0.324185631459994
154.7387,0.324185162053793
154.4709,0.324182179686705
154.2352,0.324184191649082
153.9745,0.324181955174952
153.74,0.324181748828247
153.4794,0.324180217359167
153.2375,0.324179500966277
152.9827,0.324181402169642
152.7173,0.324179962034831
152.4755,0.32418030116753
152.2333,0.324180404645946
151.9873,0.324181189035393
151.7249,0.324181292601088
151.4867,0.324182944231138
151.2253,0.324181414417849
150.9812,0.324180337347529
150.7196,0.324182792017048
150.4772,0.324181023086112
150.2417,0.324183046682859
149.9758,0.324181726644014
149.739,0.324183391354287
149.4797,0.324183401403713
149.2209,0.324170055925593
148.9766,0.324171326533505
148.7391,0.324171816870741
148.4862,0.324171516114296
148.2206,0.324170320591368
147.985,0.32417070796204
147.7245,0.324171653670934
147.4788,0.324170225836416
147.2408,0.324168841910824
146.9805,0.324168852980097
146.7193,0.324170148433429
146.4783,0.324169922343542
146.2427,0.324168790361199
145.9827,0.324166578585805
145.7236,0.324167069612759
145.4896,0.324166418140126
145.2319,0.32416809057949
144.9736,0.324166595578466
144.7348,0.324167558580948
144.4771,0.324167240535321
144.2353,0.324166781323449
143.9744,0.324168320573049
143.7155,0.324165304029211
143.4725,0.32416612849596
143.2365,0.324161369604964
142.9766,0.32416244978723
142.7299,0.324159271144047
142.477,0.324161565040883
142.238,0.324160893351709
141.9771,0.324161167845123
141.7261,0.324160411581288
141.4845,0.32416136712161
141.2224,0.324162088345736
140.9805,0.32415964622316
140.7364,0.32416082387905
140.4763,0.32416015388731
140.238,0.324160664029161
139.9754,0.32415892583609
139.7293,0.324159041305242
139.4898,0.324160601030755
139.2335,0.32415948711524
138.9734,0.324157767445296
138.7365,0.324157704228142
138.4748,0.324158671681294
138.2365,0.324159306396544
137.9776,0.324160406907144
137.7396,0.324159872801463
137.4853,0.324159011628849
137.2242,0.32415717375188
136.9864,0.324158633944978
136.7243,0.324157965230851
136.4839,0.324158591112481
136.2207,0.324158739254427
135.9783,0.32415712936102
135.7181,0.324158935390967
135.4784,0.324157695144221
135.2373,0.324160431527918
134.9785,0.324158615998386
134.7377,0.324158779098143
134.474,0.324157756167359
134.229,0.324159772716005
133.9717,0.324158905088204
133.721,0.324159249390446
133.466,0.324158280259676
133.2268,0.32415763634574
132.9777,0.324156467952372
132.7402,0.324158766375479
132.4748,0.324157507026169
132.233,0.324157672439377
131.9725,0.324160194405991
131.7266,0.324157173827517
131.4834,0.324160030160656
131.2246,0.324157875853299
130.9771,0.324158013081865
130.7362,0.324160415982535
130.4781,0.324158854890733
130.2205,0.324159994260062
129.9865,0.324161148259525
129.7202,0.324160013983158
129.4795,0.324159139914625
129.2186,0.324161437044845
128.9798,0.324173117281865
128.7216,0.32417074368109
128.4797,0.324173265208752
128.2374,0.324172857654468
127.9829,0.324175077534344
127.7193,0.32417361501367
127.486,0.324172320627734
127.2203,0.324174599825438
126.9734,0.324174990357728
126.7371,0.32417649656057
126.4797,0.324179644728501
126.239,0.324182417387028
125.9854,0.324181134759992
125.7259,0.324183102999246
125.4826,0.324182464458355
125.2276,0.324181528882962
124.9817,0.324184396242476
124.7199,0.324183307166326
124.4824,0.324185518393239
124.2403,0.324186064875748
123.981,0.324184992883611
123.7193,0.324189303110805
123.4767,0.324188090377495
123.2317,0.324188860743653
122.9747,0.324190149750085
122.7372,0.324188499894138
122.4808,0.324189091082446
122.2367,0.324191278419857
121.9766,0.324190913545591
121.74,0.324191617814396
121.478,0.32419347377939
121.242,0.324192659041681
120.9828,0.324192890899844
120.7211,0.324194283957838
120.4818,0.324195095209788
120.2218,0.324194740969482
119.9753,0.324197743429022
119.7376,0.324197160428661
119.476,0.324197620973323
119.2155,0.324199379537668
118.9753,0.324197847482538
118.7381,0.324199031395336
118.4803,0.324200102502578
118.2409,0.324200221571234
117.98,0.324201864849384
117.7381,0.324199626320746
117.4764,0.324200682378476
117.2403,0.324203520883781
116.9783,0.324205866743782
116.718,0.324204472423924
116.477,0.324206113484389
116.2413,0.324206964077253
115.9837,0.324208049570953
115.7187,0.324208042438023
115.4807,0.324209352357721
115.2207,0.324209725405909
114.9786,0.32421125139275
114.7189,0.324211629451214
114.4751,0.324212092403865
114.2333,0.324214796270366
113.9741,0.324214827997012
113.7324,0.324214368357533
113.4726,0.324216510690882
113.2319,0.324216410672215
112.9752,0.324217164462271
112.7299,0.324219036513209
112.4887,0.324217646120755
112.2321,0.324219578327534
111.9823,0.324218614328985
111.7414,0.324219928022841
111.4922,0.324221315453219
111.235,0.324221490516628
110.9784,0.324223076356864
110.7397,0.324222999178265
110.4786,0.3242262063205
110.219,0.324226843441472
109.9778,0.324228632485337
109.7329,0.324229583584938
109.4898,0.324229723148565
109.2351,0.324229804645789
108.9775,0.324231630895599
108.7327,0.324232118529754
108.4757,0.324233012274874
108.2373,0.324235999177063
107.9749,0.324236398491678
107.7342,0.324238203060805
107.4721,0.324238372171843
107.2336,0.32424042538105
106.9756,0.324239562677829
106.7433,0.324241415844226
106.4752,0.32424508027901
106.2332,0.324245359184956
105.9914,0.324245524771119
105.7336,0.324248073499048
105.4919,0.324247185407433
105.2258,0.324248169533414
104.9704,0.32425026452687
104.7323,0.324250690691256
104.4697,0.32425040541651
104.2239,0.324255370882377
103.9866,0.324258620930058
103.7236,0.324258807478669
103.4844,0.324260289734508
103.2423,0.32426211175636
102.9815,0.324262431131438
102.7249,0.32426171853301
102.4807,0.324263416745787
102.2428,0.32426315254906
101.9783,0.324264280788718
101.7226,0.324267802776289
101.4794,0.324266342507079
101.2215,0.32427255559717
100.98,0.32427134137438
100.7357,0.324274340189863
100.4791,0.324274226558462
100.2214,0.324274462317567
99.9814,0.324275608237219
99.7271,0.324277505976383
99.4811,0.324277804432978
99.2417,0.324281540709349
98.9804,0.324281412651758
98.7392,0.32428291322822
98.4964,0.324281589401877
98.2409,0.324283022120217
97.9919,0.324285191193445
97.7323,0.324285433102144
97.4785,0.324287464337108
97.2377,0.324287450161832
96.979,0.324288052127791
96.7366,0.32429061514819
96.4686,0.32429223107569
96.233,0.324292835347126
95.9918,0.324295289321419
95.7319,0.32429706979346
95.4902,0.324297413593087
95.2226,0.324299157806246
94.986,0.324299998271519
94.745,0.324301056078939
94.4825,0.324305646075523
94.2452,0.324306371906851
93.9822,0.324306738425363
93.7403,0.324307446191929
93.4915,0.324311169906629
93.2316,0.324310972282941
92.988,0.324312848148427
92.7247,0.324316275983324
92.476,0.324315430999937
92.2373,0.324317454601851
91.9943,0.324316170656704
91.7349,0.324318920381937
91.4924,0.324319403249176
91.2235,0.324322934292506
90.9839,0.324323785853578
90.7368,0.324323314673648
90.4973,0.324327575698849
90.2349,0.324328914087171
89.995,0.32433094632377
89.7332,0.32433276123008
89.4913,0.324333965918397
89.2266,0.324336710642308
88.9887,0.324336529070878
88.7213,0.324339382648836
88.4887,0.3243398167767
88.2424,0.324342186354497
87.9907,0.324344061326892
87.742,0.324345954095364
87.4831,0.324348151990679
87.2269,0.32435013242314
86.982,0.32435157586006
86.743,0.32435434507139
86.4825,0.324354782692927
86.2385,0.324356944790663
85.997,0.324357122176437
85.7284,0.324359997561134
85.4755,0.324363415462131
85.2256,0.324363797610788
84.9856,0.324364929993635
84.7335,0.324366598516702
84.482,0.324368973861741
84.2394,0.324371630632726
83.9896,0.324372726310994
83.7232,0.324373635815784
83.4699,0.324376130858583
83.2266,0.324378205565087
82.9824,0.32437980678951
82.7466,0.324382272252867
82.4947,0.324383373604403
82.2391,0.324384580750579
82.0004,0.324386215787893
81.734,0.324389141727224
81.4769,0.324391758293223
81.2264,0.324393114812499
80.9779,0.324394951537946
80.7345,0.324396932593262
80.4722,0.324398948601908
80.2405,0.324402161008216
79.9737,0.324403105520532
79.7233,0.324404713270272
79.4714,0.324406434454412
79.2343,0.324408810995744
78.979,0.324411696379831
78.7145,0.324413724033227
78.4864,0.324416028703529
78.2215,0.324417944778294
77.9679,0.32441990830612
77.7301,0.324420770580307
77.4845,0.324424419627255
77.2286,0.324426150255791
76.9696,0.324429278383409
76.7362,0.324430640255067
76.4926,0.324432429141863
76.237,0.324436758114899
75.9832,0.324438981110985
75.7453,0.324441391832429
75.4849,0.324444062309959
75.2224,0.324446965042281
74.9833,0.324448907142796
74.7327,0.32445433452017
74.4844,0.32445612685614
74.2348,0.324458861771192
73.9763,0.324462264881516
73.7356,0.324464571628578
73.4906,0.324466156671715
73.2175,0.324469042069868
72.9855,0.324472213574813
72.7493,0.324475021046804
72.4874,0.32447713835276
72.2264,0.324484435625606
71.9862,0.324483825136521
71.7199,0.324486290390776
71.4827,0.32448793161257
71.2186,0.324489824853821
70.9825,0.324492181986551
70.7196,0.324494557429195
70.4726,0.32449629085907
70.2167,0.324499405450406
69.9855,0.324501090520318
69.7308,0.324503982675753
69.4738,0.324506513978649
69.2186,0.324508589372891
68.9766,0.324512007759875
68.7195,0.324513964929037
68.485,0.324517184503881
68.2317,0.324519986450722
67.9959,0.324521444864833
67.7345,0.324524458991486
67.4803,0.324526794222466
67.224,0.324530423079991
66.9876,0.324533421296182
66.7286,0.324535754412117
66.4792,0.324532009280745
66.2186,0.324535284939468
65.9671,0.324538359941118
65.7264,0.324539717089863
65.4697,0.324542427995924
65.2333,0.324544748832098
64.9705,0.324548621581558
64.7392,0.324550850474779
64.4821,0.324553693131503
64.2362,0.324555759838543
63.9746,0.324558712452894
63.7369,0.324562344718084
63.4662,0.324564803461699
63.2343,0.324566934666357
62.9832,0.32456899944265
62.7366,0.324572263449985
62.4695,0.324574634183261
62.2347,0.324577828940331
61.9733,0.324580345498483
61.7142,0.324583700924269
61.4687,0.324585809745509
61.2342,0.324588785767823
60.9736,0.324590018345943
60.7196,0.32459271206168
60.477,0.324595788472559
60.2187,0.32459834695404
59.9741,0.324601660365303
59.7178,0.324603883008154
59.4685,0.324607423901937
59.2362,0.324608556226361
58.9681,0.324611927122221
58.7279,0.324614101063548
58.4874,0.32461733338759
58.2266,0.324619803448179
57.9853,0.324622453431115
57.7284,0.324624826855487
57.4918,0.324628794913975
57.2352,0.32463105870698
56.9776,0.324633676093244
56.7286,0.324635267890987
56.4674,0.324639294776852
56.2324,0.324641408312988
55.9745,0.324644864919472
55.7373,0.324646981143151
55.4797,0.324649859831329
55.2186,0.324654266550847
54.9799,0.324658387228577
54.7146,0.324660908073061
54.4814,0.324661757968135
54.2311,0.324664449174637
53.9721,0.324667704806842
53.7346,0.324670559137896
53.4762,0.324672885058237
53.2262,0.324676417953522
52.9896,0.324680578546313
52.7284,0.324683149805397
52.494,0.324685911422033
52.2311,0.32468860412048
51.9761,0.324691790241235
51.7358,0.324694671346965
51.4786,0.324696448070435
51.2446,0.324699707015349
50.9802,0.324702651918386
50.7398,0.324704960740409
50.482,0.324707579335251
50.2217,0.324711494222181
49.9941,0.324713257575131
49.7376,0.324716367615521
49.4793,0.324718768430801
49.2263,0.324721777961405
48.9735,0.324724201340813
48.7361,0.324727142276552
48.4714,0.324730016301564
48.2282,0.32473236304431
47.9895,0.324734956694221
47.71,0.324737695533344
47.4855,0.324740449973512
47.2356,0.324743033970094
46.9833,0.324745495153169
46.7217,0.324748296426677
46.4638,0.324751696412507
46.2288,0.32475433415462
45.989,0.324756489197449
45.7353,0.324759090923362
45.4792,0.324761334954349
45.2255,0.324764065654212
44.9736,0.324766800476185
44.7259,0.324768963923871
44.4789,0.324771718512775
44.231,0.324774243914492
43.9863,0.324776753002242
43.7254,0.324779542325886
43.4755,0.32478201443982
43.2239,0.324784008269642
42.9918,0.324786431974569
42.7343,0.324788940875606
42.493,0.324791117411171
42.2215,0.324793891049992
41.9733,0.324796193511555
41.73,0.324798973196476
41.4733,0.324801126333395
41.2414,0.32480325372522
40.9815,0.324805821710193
40.7394,0.324808115573928
40.4675,0.324810787251825
40.2368,0.324812862714185
39.9792,0.324815006147027
39.7351,0.324816970807235
39.4856,0.324819350166209
39.2152,0.324822065189423
38.9749,0.324823857753822
38.7388,0.32482609048211
38.4636,0.324828147066488
38.2189,0.324830289596787
37.9863,0.32483254789727
37.733,0.324834566574379
37.4751,0.324836815584679
37.2276,0.324838980426731
36.9715,0.324841382044298
36.7318,0.324843793870645
36.4776,0.32484571031004
36.2292,0.324847774676463
35.9763,0.324849691251352
35.7241,0.324851345728972
35.4792,0.324853566305835
35.2194,0.324855712390667
34.9804,0.324857408058739
34.7254,0.32485935817495
34.4738,0.324861514502193
34.2165,0.324863398748254
33.963,0.324865478563164
33.7423,0.324867177672016
33.4668,0.324869433418922
33.2288,0.32487071284619
32.9765,0.324873129871385
32.7264,0.324875485421339
32.485,0.324881896328469
32.2277,0.324883755674913
31.9751,0.324885243796135
31.725,0.324887003821299
31.4713,0.324888240298863
31.2283,0.324889662703505
30.9799,0.324890737047766
30.7311,0.324892584197137
30.4759,0.32489365798144
30.2209,0.324895375724003
29.9864,0.324897012761266
29.7338,0.324898528954061
29.4817,0.324899857719789
29.2327,0.324900761077361
28.9756,0.324902103770638
28.7378,0.32490364018295
28.4773,0.324905010331372
28.2129,0.324906760539829
27.9825,0.324907558230377
27.732,0.324909235903225
27.4813,0.324910361699644
27.2242,0.324911568957947
26.9861,0.324912666861617
26.7373,0.324913795721356
26.4855,0.324914981034013
26.2306,0.324916146319861
25.9825,0.324917036929684
25.7288,0.324918327504498
25.4808,0.324919330317882
25.2339,0.32492059985377
24.979,0.324922558172411
24.7218,0.324923837051152
24.4827,0.324925109030644
24.2289,0.324925324951866
23.9912,0.324926261684258
23.7245,0.324927299778374
23.4691,0.324927981686368
23.2315,0.324928530606726
22.9727,0.324929735112692
22.7342,0.324930089182782
22.4886,0.324930956696014
22.2383,0.324931590784692
21.9634,0.324932406597185
21.7247,0.324933021124583
21.4669,0.324933739142494
21.2179,0.324933997511812
20.9875,0.324934800043532
20.7386,0.324935099077184
20.4915,0.324935990900378
20.221,0.324936046435074
19.9651,0.324936819811501
19.7341,0.324937025112448
19.474,0.324937683805713
18.4749,0.324939081138541
18.2249,0.324939056223814
17.7274,0.324939600231092
17.4643,0.324940044055303
17.2134,0.324940147326251
16.9805,0.324940495262078
16.7306,0.324940484443793
16.4778,0.324940828107447
16.2279,0.324941058998621
15.9762,0.324941053750625
15.7314,0.32494105630031
15.4816,0.324941056845505
15.2208,0.324941410668522
14.9695,0.324941179811639
14.7155,0.324941541546299
14.4713,0.324941200583101
14.2286,0.324941689617202
13.9746,0.324941584891123
13.725,0.324941839772412
13.4887,0.324941628484461
13.23,0.324941766426679
12.9771,0.32494178904859
12.732,0.324941936389389
12.4803,0.324941845919229
12.228,0.324941758026814
11.9731,0.324941789591814
11.7199,0.324941352637721
11.4706,0.324941389215383
11.2279,0.324941549236424
10.9829,0.324941354206436
10.7225,0.32494233909474
10.4873,0.324942033473024
10.227,0.324942079021744
9.972,0.324942124333648
9.7474,0.324942063402014
9.3972,0.324941746073826
9.0661,0.324941534137951
8.7682,0.324941815392296
8.5761,0.324941769228235
8.4534,0.324941622427047
7.9887,0.324941399009863
7.7388,0.324941816963679
7.4748,0.324941524716316
7.2242,0.324941591792106
6.9824,0.324941308170122
6.7288,0.324941376511337
6.4784,0.324941446753875
6.2305,0.324941284185088
5.9815,0.324941475276888
5.7282,0.324940843719717
5.4865,0.324941273484102
5.2182,0.324941230649315
4.9717,0.324941072782049
4.7171,0.324941153475047
4.4654,0.324940998001485
4.2293,0.324940965739267
3.9894,0.324941048046631
4.0022,0.324941168697419
4.2646,0.324941205514093
4.5128,0.324941121821863
4.7617,0.324940924365791
5.0182,0.32494131663558
5.2848,0.324941359201147
5.5246,0.324941516653064
5.7683,0.324941439097886
6.0231,0.324941364666772
6.2747,0.324941763764064
6.5204,0.324941926265868
6.7684,0.324941973738549
7.0139,0.324941902941031
7.2615,0.324941835286237
7.512,0.324942121968186
7.7597,0.324942057273495
8.0115,0.324942111517792
8.2685,0.324942169953794
8.5162,0.324942581245896
8.77,0.324942523298148
9.0155,0.324942464590127
9.2695,0.324942293224936
9.7637,0.324942777078
10.0123,0.324942606945422
10.2807,0.324942564754727
10.5345,0.324942636861378
10.7755,0.324942826370678
11.0167,0.324943134128412
11.2691,0.324942859279192
11.5235,0.324942938960002
12.0175,0.324943219247913
12.2647,0.324943186569291
12.5265,0.32494327717401
12.7754,0.324943131262047
13.2755,0.324943434546388
13.5265,0.324943529844041
13.7574,0.324943385457746
14.0173,0.32494325394593
14.2861,0.324943482112239
14.5225,0.324943462573729
14.7759,0.324943336352582
15.0113,0.324943201786346
15.267,0.324943554121873
15.5206,0.324943433092013
15.7652,0.324943430455017
16.0134,0.324943193945184
16.2622,0.324943198240138
16.5183,0.324943088682414
16.7777,0.324942867707374
17.0295,0.324943114936839
17.2663,0.324942651517352
17.5187,0.324942314528069
18.2687,0.324942499770053
18.5239,0.324942057568897
18.7707,0.324941969259078
19.0087,0.324941993738156
19.268,0.324941446979849
19.5112,0.32494124347148
19.7802,0.324941181546747
20.0116,0.324940623077783
20.2758,0.32494032853355
20.5225,0.324940019883445
20.7718,0.324939957133048
21.0317,0.324939783390751
21.2748,0.324939248758679
21.5129,0.324938948588609
21.7608,0.324938542247744
22.0197,0.324938144485638
22.2749,0.324937396055961
22.7781,0.324936726424457
23.0374,0.324936224652666
23.2593,0.32493616975138
23.5286,0.324935210109983
23.7656,0.324934820982304
24.025,0.324934095762302
24.2614,0.324933830315125
24.5175,0.324932991834943
25.0344,0.324932158569819
25.2625,0.324931189970351
25.5101,0.324930357356944
25.782,0.324929672574008
26.0229,0.324929194714799
26.2763,0.324928263394177
26.5275,0.324927330910876
26.7624,0.324926743039472
27.022,0.324925942830051
27.2818,0.32492515174902
27.5117,0.324924092175293
27.7673,0.324923304141014
28.0129,0.324922268082555
28.2589,0.324921476084377
28.5124,0.324920338149872
28.7796,0.324919224585988
29.0168,0.324918076945022
29.2689,0.324917424517004
29.523,0.324915832191015
29.7708,0.324915182294916
30.0256,0.324914070078879
30.2698,0.324912716289727
30.524,0.324911493243468
30.7734,0.324910153506942
31.019,0.324909045416768
31.2702,0.324907833691394
31.5193,0.324906384251651
31.7785,0.324904955235238
32.0284,0.324903868395471
32.5292,0.324900886333102
32.7788,0.324899342864598
33.0246,0.324898030743915
33.5264,0.324894846701576
33.777,0.324893438842623
34.0215,0.324892022934596
34.2774,0.324890395408392
34.5278,0.324888996466463
34.771,0.324887358355316
35.0246,0.324885736773062
35.2729,0.324883997819509
35.5296,0.324882271762333
35.7768,0.324880755262109
36.0081,0.324878897221114
36.2609,0.324877298327745
36.7615,0.324873868336154
37.0313,0.324871954104206
37.2725,0.324870589654951
37.5175,0.324868288521359
37.7565,0.324867165270499
38.0241,0.324865030015907
38.2723,0.324863340912785
38.5266,0.32486178121982
38.776,0.324859631524681
39.0221,0.32485771158896
39.2794,0.324856057419278
39.5188,0.324854134720981
39.7784,0.324852139091796
40.0334,0.324849899868872
40.2618,0.324848562913498
40.5198,0.324846574195081
40.7715,0.32484470083067
41.0218,0.324842352271744
41.2697,0.324840598406618
41.514,0.324838718114374
41.761,0.324836498987495
42.0101,0.324834755556853
42.2603,0.324832434022422
42.5177,0.324830834463329
42.7827,0.324829023677498
43.0236,0.324826810528994
43.2744,0.324824861472404
43.5228,0.324823025429967
43.7706,0.324821080158146
44.7716,0.324812529153557
45.0202,0.324810250018922
45.2708,0.324807983630092
45.5181,0.324806181793633
45.7616,0.324803789764566
46.0146,0.324801657262976
46.2663,0.324799529330768
46.5163,0.32479716265587
46.7707,0.324795050489339
47.0273,0.324792708859686
47.2752,0.324790472459918
47.53,0.324788371546401
47.7692,0.324786124315572
48.0218,0.324784143817579
48.267,0.324781565696966
48.5215,0.324779482495557
48.7715,0.324777278527525
49.0275,0.32477520823943
49.2794,0.32477254714515
49.5094,0.32477030321199
49.7709,0.324768617058206
50.0219,0.324765963678261
50.2698,0.32476366294945
50.5247,0.324761383282014
50.7698,0.324758849409616
51.0227,0.324756454859911
51.273,0.324754179429865
51.5333,0.324752402988681
51.7606,0.324749839848906
52.0199,0.324747715328535
52.2705,0.324745577611505
52.5146,0.324743302778242
52.7654,0.324740820336496
53.0164,0.324738692388762
53.2619,0.324736204123812
53.5118,0.32473408171081
53.772,0.324731526306014
54.0201,0.324729290404322
54.2714,0.324726718613873
54.5219,0.324724616284881
54.7667,0.324722152196513
55.0183,0.324720061847244
55.2666,0.324717852283832
55.5118,0.32471528083607
55.7857,0.324713274169707
56.0108,0.324710651253787
56.2713,0.324708731367557
56.7675,0.32470400209504
57.0167,0.324701939744759
57.2617,0.324699401685193
57.5109,0.324697347611645
57.7629,0.3246948398094
58.0126,0.324692679455478
58.2636,0.324690293847857
58.5176,0.324688154808866
59.0274,0.324683427909492
59.2716,0.324680921794123
59.5229,0.324679262180034
59.7739,0.324676197108129
60.0171,0.324674754922544
60.2691,0.324672171356421
60.5249,0.324669956238977
60.7704,0.324667595700178
61.0256,0.324665386102131
61.5172,0.324661154986481
61.7744,0.324658497339318
62.0234,0.324656518920231
62.2845,0.32465435379248
62.5112,0.324652188963136
62.7686,0.324649666549334
63.0293,0.324647627218789
63.2731,0.32464588932317
63.5279,0.324643484761211
63.7687,0.324641273357276
64.0175,0.324639209412922
64.266,0.324636796701751
64.7666,0.324632582770557
65.0197,0.324630314698873
65.259,0.324628706928125
65.5106,0.324626441005336
65.7852,0.324624381901711
66.0144,0.324622395059591
66.2826,0.324620086417441
66.532,0.324618414864043
66.776,0.324615790369728
67.0359,0.324614167113698
67.2604,0.324611945734531
67.5314,0.32461001770146
67.7773,0.324607884728887
68.0282,0.324606006490562
68.276,0.324604005253098
68.5262,0.324601779895342
68.7747,0.324599787569976
69.0203,0.324597903505665
69.2683,0.324595917480858
69.5207,0.324593713796958
69.7738,0.324591872362907
70.0094,0.324589845539653
70.2781,0.324587601421322
70.5298,0.324585644679286
70.7766,0.324583909993873
71.0316,0.324581502844444
71.2824,0.324579555418845
71.7775,0.324575878847888
72.0223,0.324573678847928
72.2734,0.324571745418976
72.5348,0.324569973725955
72.7793,0.324568020089264
73.0325,0.324565985877871
73.2805,0.324563820515642
73.526,0.324562347462288
73.7773,0.3245602011944
74.02,0.324558019223813
74.2787,0.324556379037683
74.526,0.324554339927841
74.7756,0.324552198239367
75.0155,0.324550604740555
75.2629,0.324548460066764
75.532,0.324546524133727
75.7711,0.324544821057037
76.0116,0.324542771409885
76.2643,0.324540896202162
76.513,0.324539003392453
76.7825,0.324537088830961
77.0242,0.324535408767917
77.2579,0.324533346968838
77.5314,0.324531572886614
77.7671,0.324529524908207
78.0353,0.324527734575402
78.2864,0.324525640790527
78.5191,0.324523822053391
78.7576,0.324521678341369
79.0314,0.32452015929457
79.2654,0.324518472555525
79.529,0.324516562470331
79.7693,0.324514790786791
80.016,0.324512812292836
80.2829,0.324510574745781
80.524,0.324509047290835
80.7584,0.324507142306111
81.0162,0.324505340888927
81.27,0.324502821356652
81.5117,0.324501305335014
81.7711,0.324500815057666
82.0289,0.324497731472204
82.2672,0.324495623101725
82.522,0.324494176614856
82.7603,0.32449313065976
83.0212,0.324489953651761
83.2728,0.324488268014794
83.5105,0.324486988170523
83.7816,0.324485629020685
84.0168,0.324483169281553
84.2767,0.324481060824481
84.5229,0.324479358708382
84.7754,0.324477572979886
85.0169,0.324477030097529
85.2731,0.324474913358481
85.5147,0.324472377483373
85.7717,0.324470974216125
86.0094,0.324469129808219
86.2691,0.324467626782072
86.5083,0.324465674832989
86.7703,0.324463717031065
87.0129,0.324462137585043
87.2707,0.324460868897392
87.5181,0.324459434471903
87.7674,0.324457425071594
88.0083,0.324455847862002
88.2742,0.324454624417315
88.5108,0.324452559222655
88.767,0.324450356561767
89.0172,0.324448242505987
89.2732,0.324447334414648
89.5132,0.324445057801923
89.7721,0.324442993544861
90.0158,0.324442149036753
90.256,0.324440703968743
90.5175,0.324438302824803
90.7597,0.324436048634633
91.0225,0.324434597743611
91.2567,0.324433130323212
91.5159,0.32443119716439
91.7772,0.324429863912549
92.0124,0.324428524230227
92.2592,0.324426301808687
92.5156,0.324423657907441
92.7745,0.324422789516927
93.0145,0.324421126498527
93.2719,0.32441896337196
93.5159,0.324417441631287
93.7756,0.324415292171604
94.0121,0.324414676037959
94.2674,0.324412274930455
94.5046,0.324411195488862
94.7666,0.324409065444826
95.028,0.324406932903542
95.2676,0.324406341329201
95.5237,0.324404303590551
95.7629,0.324402420392291
96.0204,0.324401098680283
96.2775,0.32439895482968
96.5206,0.324397917070611
96.7635,0.324395941670117
97.0305,0.324393499134297
97.2684,0.324392440681065
97.5087,0.324390573158705
97.7626,0.324389480547693
98.0042,0.324386682951602
98.2669,0.324386224091534
98.5029,0.324384107415835
98.7649,0.324382825350066
99.0219,0.324381167477542
99.2591,0.324379530442495
99.5071,0.324377361953982
99.7603,0.324376278093156
100.0291,0.324374685569464
100.2653,0.324373402525782
100.5261,0.32437142071446
100.7667,0.32436969277373
101.0291,0.324369014926663
101.2695,0.324366231211487
101.5098,0.324364621330337
101.7753,0.32436314313652
102.0384,0.324361534768922
102.2738,0.324360024006133
102.5167,0.324358434022156
102.7783,0.324357293352124
103.0215,0.324356412123559
103.2584,0.324353740465286
103.5159,0.324352230221243
103.7763,0.32435144200739
104.0174,0.324349616499622
104.2758,0.324348586198563
104.5142,0.32434710193528
104.7732,0.324344668838325
105.0289,0.324343510679342
105.2655,0.324342374547216
105.5208,0.324340395385717
105.7607,0.324339044141688
106.0264,0.324336417066564
106.2617,0.324336336992246
106.5223,0.324333333435886
106.7608,0.324332449948659
107.0203,0.324330618524859
107.2791,0.32433054669035
107.5152,0.324327775639336
107.7805,0.324326566437074
108.0182,0.324324745246307
108.2783,0.324323043746011
108.5205,0.324321131149775
108.783,0.324320733921064
109.0174,0.324318548800686
109.2873,0.324318193742355
109.5243,0.324315789965264
109.7595,0.324314199758485
110.0136,0.32431247548024
110.2685,0.324311695698244
110.5252,0.324310103399972
110.7604,0.324310162983201
111.0344,0.324306552492987
111.2703,0.324305561101651
111.5295,0.324304222948944
111.7744,0.32430328136177
112.0137,0.324301489036826
112.2718,0.324299328731707
112.5096,0.324298939115119
112.7649,0.324296649378711
113.0228,0.324295077755502
113.2574,0.324294206630312
113.5144,0.324292867317906
113.7706,0.324291174302902
114.0189,0.324289438834811
114.2582,0.324288715655877
114.5129,0.32428654805042
114.7752,0.324284892655945
115.0114,0.324284506496482
115.2667,0.324282230860426
115.525,0.324281025307768
115.7665,0.324279851800554
116.0238,0.324277705890959
116.2798,0.324276962215197
116.523,0.324275330075494
116.7818,0.324273197069696
117.0174,0.324271995831262
117.2778,0.324270225895021
117.5093,0.324269826063211
117.7738,0.324267728730563
118.0287,0.32426593205907
118.2683,0.324264640771225
118.5276,0.324263223208248
118.7628,0.324261324639921
119.0231,0.324259444653123
119.2639,0.324258986484781
119.5265,0.324256299367288
119.7634,0.324255471247289
120.0281,0.324253502592946
120.2662,0.32425279958418
120.5228,0.324250906854783
120.7685,0.324249309010986
121.0262,0.324247541838163
121.27,0.324246522303363
121.5145,0.324244585810923
121.7709,0.324242681543582
122.0134,0.324241305284239
122.2607,0.324239722827291
122.5188,0.324238785034763
122.777,0.324236561721062
123.0173,0.324235529639408
123.2789,0.324234029899342
123.5205,0.324232303576937
123.7767,0.324230307430984
124.0158,0.324228804140285
124.2581,0.324227437560836
124.517,0.324225106869764
124.7711,0.324223807341925
125.0327,0.324223252823973
125.2734,0.324220357205254
125.527,0.324218236451631
125.7743,0.324218076478839
126.0135,0.324215760077244
126.2707,0.324214485055493
126.5144,0.324213017313607
126.7766,0.32421083314767
127.0149,0.324209688575769
127.2725,0.324207951156884
127.5166,0.324206372449595
127.7798,0.324204551068403
128.0153,0.324202573130204
128.2696,0.324201407837698
128.5126,0.324198889063265
128.7712,0.324197279836173
129.0074,0.32419589775943
129.2678,0.324194535120979
129.521,0.324192311879634
129.7634,0.324190264709752
130.0253,0.324189850643611
130.2807,0.324187409112709
130.517,0.32418603335452
130.7746,0.324184192331828
131.0105,0.324181761099067
131.2756,0.324181136404984
131.5163,0.324179554548025
131.7753,0.324177490972095
132.0159,0.32417649653289
132.2609,0.324173771259111
132.5167,0.324172276918284
132.7779,0.324170933019471
133.0259,0.324169281643396
133.2602,0.324167552775995
133.5112,0.324164864257801
133.7714,0.324164573452653
134.0117,0.324162178066873
134.2694,0.324161171891567
134.5109,0.324158199020045
134.7726,0.324156514120629
135.0134,0.324155062790542
135.2672,0.32415403827302
135.5219,0.324151261062997
135.7822,0.324149337648665
136.0288,0.324148273513042
136.2654,0.324146218462329
136.5175,0.324144602031471
136.7766,0.324143614086325
137.0158,0.324140870509506
137.2694,0.3241390317604
137.5298,0.324137349116225
137.7713,0.324135794787351
138.0315,0.324133644104699
138.2668,0.324132173286607
138.53,0.324130861749701
138.7673,0.32412916877853
139.0237,0.324127469613753
139.2641,0.324126031082365
139.5207,0.324123044875319
139.7759,0.324121927029742
140.0158,0.324119432947809
140.2812,0.324118375295494
140.5222,0.324117060837769
140.7804,0.324114322277515
141.036,0.324112508383543
141.2787,0.324111207638798
141.5183,0.324109887156049
141.7718,0.324107711804966
142.0078,0.324106138982973
142.2633,0.324104445394698
142.5187,0.324102282702376
142.7734,0.324100937683422
143.027,0.324098414825477
143.2704,0.324096889159112
143.526,0.324095199449873
143.7644,0.324093529332142
144.0274,0.324092352526517
144.2676,0.324089054055082
144.5234,0.324087837321741
144.7625,0.324086175040893
145.0204,0.324085088094757
145.2777,0.324082477391369
145.51,0.324081010550027
145.7696,0.324079234634551
146.0174,0.324077273383723
146.2766,0.324075497757328
146.5126,0.324074405543931
146.7701,0.324072620406723
147.0303,0.324069797190269
147.2669,0.324068594951382
147.5212,0.324066675872215
147.7605,0.324065256469055
148.0155,0.324063577111649
148.2719,0.324061673020126
148.5296,0.324059074060563
148.7729,0.324058383284749
149.0068,0.324056232564009
149.2651,0.3240543424417
149.5176,0.324053238341885
149.7736,0.32405075074386
150.0314,0.324049561914233
150.2703,0.324047327157278
150.5287,0.324045909034542
150.7702,0.324044510417982
151.0286,0.324042391131693
151.2695,0.324040872403235
151.5296,0.324039350838114
151.7666,0.324037927423115
152.0246,0.324035107012824
152.2631,0.324034279944039
152.5188,0.324033085543601
152.7732,0.324030948093669
153.0094,0.324028821104182
153.2651,0.32402727810084
153.5235,0.324025399589536
153.7659,0.324024013765335
154.024,0.32402236910187
154.2639,0.324020735651814
154.5133,0.324018807948441
154.76,0.324017330946032
155.0197,0.324015582126484
155.2602,0.324012783936054
155.5166,0.324011601347933
155.7736,0.324010891439835
156.2614,0.324006860629769
156.5216,0.324005234648513
156.7609,0.324003369376154
157.0325,0.324000992600509
157.2703,0.324000290082927
157.532,0.323998206479523
157.7749,0.323997887187678
158.0146,0.323996026510077
158.2766,0.323993830665246
158.5169,0.323992559951047
158.7728,0.323990446241033
159.0119,0.323989169483527
159.2731,0.323986385329371
159.5312,0.323984052815002
159.7608,0.323985063374309
160.0169,0.323983537349044
160.2775,0.323981923033431
160.5154,0.323979121004436
160.7578,0.323978570150728
161.0166,0.323977170433749
161.2757,0.323974506295911
161.5176,0.323974187389197
161.7697,0.323972057896157
162.0305,0.323969512033888
162.2648,0.323968447856736
162.526,0.323966373620278
162.7708,0.32396502184119
163.0246,0.323963138713799
163.2616,0.323962677514935
163.5289,0.323960758762294
163.7609,0.323958162643552
164.0193,0.323958180978739
164.2785,0.323955864940584
164.5261,0.323953831994408
164.7686,0.323954107274769
165.0091,0.323950861866628
165.2661,0.323948651790542
165.5106,0.323947420060758
165.7735,0.32394524620029
166.0082,0.323945828771769
166.266,0.32394327451583
166.5276,0.323941327957906
166.7674,0.323940187853603
167.0316,0.32393732202392
167.2784,0.323935405824644
167.5142,0.323933423907066
167.7736,0.323933807716452
168.0123,0.323930439193405
168.27,0.323930461690234
168.5327,0.3239273559386
168.7677,0.323926892428081
169.0286,0.3239250635931
169.2766,0.323922574259461
169.5107,0.323922923909264
169.7718,0.323920863985901
170.018,0.323918597850499
170.2703,0.323917070935133
170.5104,0.32391570479557
170.7735,0.323914126506974
171.0337,0.323911830241816
171.2795,0.323910849638084
171.518,0.323908890700385
171.778,0.323906710882449
172.0196,0.323905589225084
172.2804,0.323904117673032
172.5242,0.323901958315747
172.7657,0.323901656897927
173.0239,0.323899584999383
173.284,0.323897058621854
173.5225,0.323898843914162
173.7613,0.32389455099383
174.018,0.323893174361898
174.2827,0.323890910029626
174.5186,0.323889875733314
174.7749,0.323888730195277
175.0171,0.323888670952351
175.2637,0.323885597495896
175.5208,0.323883523114633
175.7822,0.323883930940973
176.0233,0.323880708521257
176.2604,0.323879800957622
176.5194,0.323877739709346
176.7591,0.323877901012901
177.0177,0.323875720959353
177.2777,0.32387331638417
177.5208,0.323872680478326
177.7594,0.323872836459651
178.0193,0.32387101678418
178.2801,0.323869436804958
178.5155,0.323867937326924
178.7724,0.323867620750595
179.0314,0.323865680062522
179.2725,0.323863748701136
179.5331,0.32386450736487
179.7706,0.323860333732415
180.03,0.323861085792024
180.273,0.323859049591213
180.532,0.323856527664832
180.7743,0.323856008377391
181.0128,0.323854414086416
181.2728,0.32385131409892
181.5336,0.323851492253627
181.7759,0.323848636381815
182.0188,0.323849057226155
182.2768,0.323847466143783
182.5169,0.323846234166127
182.7761,0.323844534114259
183.0233,0.323843228959859
183.2573,0.323842077228936
183.5144,0.323841301278494
183.7768,0.323839388185499
184.0194,0.323838172406987
184.2601,0.323838116199892
184.5182,0.323836763217948
184.776,0.323834589901922
185.0178,0.323832435346046
185.2755,0.323830495908625
185.5175,0.323830213335738
185.7786,0.323828763605019
186.0148,0.323830199983366
186.2721,0.323828610000025
186.5148,0.323824594048864
186.7763,0.323824899954771
187.0129,0.323825054432703
187.2722,0.323821374466497
187.5078,0.323820237907214
187.7728,0.323818464010594
188.0299,0.323819679377394
188.2673,0.323818320156239
188.5286,0.323815823322931
188.7601,0.323814896187194
189.0298,0.323814553498825
189.2704,0.323813332827287
189.519,0.32381216010369
189.7686,0.323810071100596
190.0166,0.323808769272834
190.2822,0.32380968860691
190.5224,0.323808116149531
190.7787,0.323805006690281
191.024,0.323805101711713
191.2612,0.32380281099258
191.5151,0.323800855976431
191.7792,0.323800015382535
192.0084,0.323799896206554
192.268,0.323798444459385
192.5118,0.323799816148712
192.7741,0.323798499395474
193.0184,0.323796253730799
193.2736,0.323793959440568
193.5353,0.323793088119845
193.7815,0.323795194543587
194.0233,0.323793285279673
194.2822,0.323790196057798
194.5271,0.323790176564311
194.7684,0.323791652052835
195.0324,0.323789412549882
195.2767,0.323786819301769
195.52,0.323786322601198
195.7684,0.323785975581456
196.0201,0.323783310455813
196.28,0.323783851023746
196.5177,0.32378297065438
196.7854,0.323781223326472
197.0229,0.323779524722499
197.2645,0.323779954238971
197.5216,0.323778843358611
197.7871,0.323778602214296
198.0122,0.323775543702587
198.2697,0.32377677171186
198.5268,0.323775662978112
198.7624,0.323774070452607
199.0243,0.323772991782094
199.2681,0.323772035039881
199.5286,0.323771531352538
199.7732,0.32377046335011
200.011,0.323768185687939
200.2675,0.323769410386811
200.5203,0.323765941660871
200.7801,0.323767186133807
201.0178,0.32376677759108
201.2738,0.32376438079931
201.5114,0.323765839692273
201.7739,0.323764884833095
202.0321,0.323762734751086
202.2674,0.323761961521201
202.5237,0.323762836664878
202.767,0.323760012042755
203.0271,0.323760443977475
203.2721,0.32375844791519
203.5147,0.323757956224652
203.759,0.323759225106627
204.0159,0.323756601326219
204.2735,0.323756669955716
204.52,0.32375386669114
204.7616,0.323753019024757
205.0184,0.32375319840699
205.2801,0.323753293415813
205.5184,0.323751724383
205.7586,0.32375122032687
206.0191,0.323752591943067
206.2823,0.323749543562859
206.5178,0.323749827558554
206.756,0.323747793301362
207.0165,0.323749399595387
207.2794,0.32374635067588
207.5181,0.323748990768083
207.7769,0.323747084615568
208.0219,0.323746261898465
208.2789,0.323746679531722
208.5169,0.323744645633406
208.7764,0.323742744220189
209.0123,0.323744201633042
209.2754,0.323744658821984
209.5145,0.323744967966706
209.775,0.323743074638774
210.0166,0.32373989810651
210.2644,0.323737925920923
210.5226,0.323743024244433
210.7676,0.323741036256863
211.0099,0.323739031702777
211.2638,0.323737099482058
211.5216,0.323738703567534
211.7633,0.32373785380229
212.022,0.323738285820254
212.2575,0.323736241826341
212.5214,0.323737874870464
212.7599,0.323739351123702
213.0175,0.323737443382808
213.2783,0.323734388576365
213.5231,0.323733569719431
213.7621,0.323735050274808
214.0183,0.323736637157658
214.266,0.323735837200362
214.5212,0.323733916407615
214.7599,0.323733061335581
215.0154,0.323734644988416
215.2788,0.323733943583854
215.5173,0.323733087693826
215.7757,0.323733523189945
216.0242,0.323733897112788
216.2709,0.323731925803157
216.5172,0.323732286852427
216.7769,0.323733898923911
217.031,0.323733141370736
217.2704,0.323729958625175
217.5314,0.323731579271948
217.7688,0.323730719330847
218.0261,0.323731150183772
218.272,0.323729176178415
218.5153,0.323730687900685
218.7821,0.323731179092218
219.0232,0.323730343119086
219.262,0.32372715887233
219.5281,0.323729980766493
219.7669,0.323729131620861
220.025,0.323729569750188
220.2669,0.323729907765595
220.5156,0.323729120746319
220.7691,0.323728364169249
221.0238,0.323727615112849
221.2752,0.323728013438289
221.5124,0.32372832314571
221.7712,0.323727600679579
222.0135,0.323726785640242
222.2652,0.323727176779455
222.5238,0.323727621161927
222.764,0.323726784006815
223.0198,0.323724877152236
223.2823,0.323725346743521
223.524,0.323725686819585
223.7623,0.323726006177227
224.0228,0.323725296800916
224.2614,0.323725618639008
224.5223,0.323723745452706
224.7689,0.323725284750614
225.0072,0.323724438279091
225.2708,0.323726084372749
225.5118,0.32372525506674
225.769,0.323724528635426
226.037,0.323725034863214
226.2714,0.323724165613378
226.5106,0.323724493333022
226.7717,0.323723791643521
227.0138,0.323722970979349
227.2698,0.323723405042077
227.51,0.323723739253298
227.771,0.323725373173727
228.0175,0.323723414132842
228.2803,0.323723891896757
228.5235,0.323723080023876
228.7582,0.323723382491963
229.0236,0.323723411419963
229.2654,0.323722706820443
229.5275,0.323723415905599
229.7726,0.323721217122605
230.031,0.323721085024279
230.2761,0.323722505626919
230.5191,0.323722043985939
230.7797,0.323722278728207
231.0214,0.323722160522187
231.2772,0.323723181698443
231.5133,0.323722329903495
231.7745,0.323722452085058
232.0162,0.323721284931305
232.2748,0.323721273631778
232.51,0.323721232384804
232.7727,0.323721716197244
233.0108,0.323721461080905
233.2726,0.32372228906789
233.5179,0.323722313283178
233.7773,0.323722427759381
234.0222,0.323721165425819
234.2619,0.323721039957327
234.519,0.323722072131841
234.7608,0.323721026984966
235.0217,0.323721733537767
235.2594,0.323721011430684
235.5273,0.323722464883651
235.762,0.323721257537245
236.0236,0.323722671961747
236.271,0.323722712947035
236.5284,0.323722000305114
236.7753,0.32372483942056
237.0144,0.323724362261859
237.2756,0.323724608269179
237.5192,0.323723809819779
237.7786,0.323725211958019
238.0201,0.323726734741748
238.2631,0.323728850876466
238.5208,0.32372790936572
238.7652,0.323729334852101
239.0256,0.323728411113097
239.2708,0.323730659013453
239.5124,0.323731717497383
239.7706,0.323732191195279
240.0086,0.323733800887998
240.2694,0.323736382165958
240.511,0.323738375204687
240.7737,0.323738285245308
241.0328,0.323741439939297
241.2797,0.323742067689075
241.5314,0.32374424257061
241.7609,0.323747093731129
242.0202,0.323749668625783
242.2695,0.323750896072818
242.5241,0.323754258672629
242.7685,0.323757321930185
243.0086,0.323758958700553
243.2769,0.323763575495704
243.508,0.323766673061894
243.7629,0.323772489404262
244.0247,0.323776482445539
244.2673,0.323781521549941
244.5167,0.323790455512281
244.7751,0.323798630498927
245.0132,0.323808778201036
245.267,0.323817042165486
245.5344,0.323826793722812
245.7726,0.323834026094478
246.0173,0.323838965077361
246.2616,0.323841216969165
246.5131,0.323843514620851
246.7768,0.323844956417914
247.0231,0.323847221820764
247.281,0.323848627568843
247.5193,0.323851076129776
247.7605,0.323856462543997
248.0209,0.323860336903156
248.2674,0.323863189225787
248.5252,0.323866347922336
248.7651,0.323868223022839
249.0271,0.323872460123966
249.2772,0.323873935653007
249.5363,0.323878387520919
249.7745,0.323879904719008
250.0307,0.323882820931847
250.277,0.323885090913935
250.5141,0.323886719550193
250.7762,0.323889440139117
251.0181,0.323892850533231
251.2697,0.323895272431794
251.5148,0.323894967109136
251.7698,0.32389764502693
252.0077,0.323902549187191
252.2655,0.323901860028724
252.5144,0.323905200283121
252.774,0.323906506444673
253.0167,0.323909923814884
253.2929,0.323911572212646
253.5152,0.323913342484978
253.7743,0.323915582212608
254.0316,0.323917109711275
254.2746,0.323922050046375
254.5194,0.323923498150766
254.7686,0.323924391235751
255.0347,0.323927261137199
255.2581,0.323928573568734
255.5143,0.323931847937349
255.7684,0.32393440885641
256.0253,0.323935585126234
256.2679,0.323939008357789
256.515,0.323941758579486
256.777,0.323944489133327
257.0142,0.323947875514442
257.2802,0.323947712488897
257.5216,0.323950544253336
257.7588,0.323951714614623
258.016,0.323952895645266
258.2757,0.323957482408685
258.5184,0.323959155757182
258.7816,0.323960961405802
259.0196,0.323965876103886
259.2733,0.323967855032404
259.5204,0.323969674911182
259.7863,0.323973485131428
260.0114,0.32397563176155
260.2705,0.323977296170278
260.5187,0.323978890770767
260.7686,0.323983417377308
261.0251,0.323985299708377
261.2777,0.323987157376477
261.5205,0.32398988781049
261.7814,0.323989344513047
262.0185,0.323994842674766
262.2736,0.323997418779908
262.5251,0.324000088577138
262.7621,0.324003833935997
263.0163,0.324008624827311
263.274,0.32400806385279
263.5149,0.324011836094491
263.7723,0.324011741865717
264.0117,0.324014919950064
264.2738,0.324017076705552
264.5138,0.324021311789999
264.7715,0.324023324018126
265.0154,0.324026413751487
265.2758,0.324027159670059
265.5253,0.324030639563949
265.7586,0.324033311653467
266.035,0.324037550085791
266.27,0.324039183874991
266.5104,0.324041086442959
266.771,0.324045106511535
267.0139,0.32404585637182
267.266,0.324049005240159
267.5202,0.32405380253746
267.7652,0.324055386110237
268.0118,0.324057797233718
268.2836,0.324059321952764
268.5242,0.324064734972304
268.7694,0.324066553765178
269.0258,0.324069497884115
269.2649,0.324071746396123
269.5253,0.324075184582679
269.7628,0.324078007531977
270.0247,0.324080169782286
270.2794,0.324084274450636
270.5194,0.324086763767515
270.7618,0.32408926917815
271.0266,0.32409273800037
271.2767,0.324096346000502
271.5101,0.324098433310541
271.7638,0.324100789494961
272.0197,0.324104085019292
272.2779,0.324107863732802
272.5217,0.324110964821719
272.7611,0.324113687231794
273.021,0.324116775516811
273.2693,0.324121076786608
273.5268,0.324123800378779
273.7675,0.324126767314155
274.0197,0.32413027362213
274.2696,0.324132482722539
274.5251,0.324137414798613
274.7698,0.324140058343683
275.0233,0.324143107808658
275.274,0.324146258572088
275.5259,0.324149065459992
275.764,0.324153303122825
276.0276,0.324156537585353
276.2742,0.324160246446819
276.5109,0.324163073727494
276.77,0.324165927737091
277.0085,0.324170170219063
277.269,0.324173269553165
277.5242,0.324176568470016
277.7836,0.324179895188422
278.0301,0.324181851910877
278.2766,0.324184510704118
278.5158,0.324189929172458
278.7818,0.324193298610747
279.0298,0.324196553554237
279.2722,0.324200005316907
279.5197,0.324203490560678
279.7753,0.324206560631945
280.0124,0.324210213558213
280.2654,0.32421513914807
280.5182,0.324217608023322
280.7765,0.324220814904687
281.0089,0.324224320437838
281.2681,0.324226714465807
281.5277,0.324231685908221
281.7725,0.324232700814558
282.03,0.324238593823605
282.2771,0.324241729659219
282.5176,0.324244823229762
282.7779,0.324247694135916
283.0174,0.324251131819446
283.2589,0.324256806451429
283.5205,0.324258516986236
283.7826,0.324263507416096
284.0172,0.324266213598391
284.2667,0.324269483688163
284.5237,0.324274909556201
284.7714,0.324278988371694
285.0111,0.324278218010426
285.2664,0.324283635028371
285.5269,0.32428850030737
285.7673,0.324290543151201
286.0206,0.324295840916633
286.2806,0.324300694372701
286.5175,0.324305172564166
286.7807,0.324306431136102
287.017,0.324308332219764
287.2647,0.324316275393221
287.5292,0.324318712266307
287.7728,0.324322886385953
288.0319,0.324326693245501
288.2753,0.324330631768885
288.5162,0.324334086040156
288.7719,0.324338573962175
289.0168,0.324341587102755
289.2564,0.324345267883363
289.5196,0.324349221071701
289.7794,0.324353971397069
290.0225,0.324357910089947
290.2641,0.324362541623557
290.5239,0.324365771690374
290.7643,0.324369927932806
291.0216,0.324373845421016
291.2628,0.32437648519245
291.5154,0.324381658748284
291.7673,0.324384487702557
292.0206,0.324391890473398
292.2834,0.324394089463136
292.5174,0.324399142053226
292.7833,0.324402767805906
293.0338,0.324406524299766
293.2867,0.32441240506814
293.5205,0.324415702006248
293.7645,0.324420705502681
294.0204,0.324425085272502
294.2771,0.324429002721472
294.5247,0.324435201458481
294.7597,0.324438508267963
295.0106,0.324442271187298
295.2745,0.324447876405332
295.5166,0.324454040480114
295.7785,0.324458696898906
296.0171,0.324463082532665
296.2618,0.324469968745922
296.5163,0.324474341156329
296.7577,0.324478279274116
297.007,0.324484260036347
297.2641,0.324489939935351
297.5189,0.324492561371781
297.7802,0.324496749342906
298.0142,0.324502628620071
298.2733,0.324506918244116
298.5167,0.324510871692494
298.7774,0.324515289469878
299.0238,0.324516569908314
299.2587,0.324522691413328
299.5274,0.324527047962948
299.774,0.324527978368647
300.0186,0.324535688581564
