v.	09.06.10
GCALCAg.lit 	information: 
2.0061	0.272897218882985
2.0153	0.272896385425426
2.269	0.272896469997748
2.2559	0.27289596896962
2.5122	0.272896135909298
2.5586	0.272896302639907
2.7583	0.272896219579157
2.7872	0.272895886320943
3.0255	0.272896054407004
3.0452	0.272896386717355
3.5145	0.272895971058162
3.4656	0.272896137598157
3.4785	0.272895970968172
3.5302	0.27289613776964
3.7068	0.272896138241093
3.7019	0.272896220680028
3.9083	0.272896222144805
3.9298	0.272896139005963
4.2651	0.272896140124167
4.3448	0.27289689042674
4.4729	0.272896224402021
4.3358	0.272896473709673
4.7447	0.272896308974981
4.7187	0.272896559023986
5.0395	0.272896060680667
4.9941	0.272896393757016
5.2508	0.272896395298523
5.3032	0.272896562339982
5.5153	0.272896397245604
5.5474	0.272896230954397
5.7806	0.272896565984954
5.7959	0.272896816266767
6.0126	0.272896901714953
6.0279	0.272896151690085
6.2713	0.272896654119278
6.3018	0.27289648784357
6.5178	0.272896156965692
6.5587	0.272896408471404
6.7746	0.272896576760918
6.8078	0.272896410684336
7.0387	0.272896663891089
7.0652	0.272896580965757
7.2624	0.272896000646554
7.2926	0.272896501102052
7.5123	0.272896338331111
7.5452	0.272896922112899
7.7646	0.27289625943723
7.7901	0.272896759046579
8.0135	0.272896681338737
8.0481	0.272896598593858
8.2718	0.27289677032873
8.2958	0.27289685419643
8.5219	0.272896358763565
8.5449	0.272896610320998
8.776	0.272896866282685
8.8103	0.272896617423125
9.0191	0.272896789015153
9.0492	0.272896540883699
9.2731	0.272896464379033
9.2957	0.272897048460687
9.5232	0.272896805095827
9.5472	0.272896723629123
9.7663	0.272897064794501
9.7962	0.272896399265106
10.0132	0.272896907595549
10.0459	0.272896825506696
10.2617	0.272897167983675
10.5202	0.272897096038259
10.5431	0.272897180383058
10.7747	0.272897025051642
10.8084	0.272897110078007
11.0276	0.272897204437541
11.0596	0.272897122710663
11.2826	0.27289671867971
11.3071	0.272897386761016
11.5245	0.272897315859459
11.5474	0.27289681714274
11.7658	0.272897414425103
11.7977	0.272897166461021
12.0176	0.272897347218539
12.0431	0.27289718223491
12.2742	0.272897281186873
12.298	0.27289753391236
12.5164	0.272897299458759
12.5398	0.272896967982331
12.7716	0.272897485929482
12.8063	0.272897571799824
13.0226	0.272897423153468
13.0472	0.272897257734806
13.2818	0.27289761243924
13.3055	0.272897031255383
13.5221	0.272897469059876
13.5537	0.272897471502117
13.77	0.27289749509815
13.8016	0.272897665214079
14.0214	0.272897772989234
14.0531	0.272897526843277
14.2807	0.272897721233697
14.313	0.272897557617963
14.5128	0.272897916882281
14.5356	0.272898169907774
14.77	0.272897951775384
14.794	0.272898371567359
15.012	0.27289823439079
15.0437	0.272898573394037
15.2623	0.272898439585564
15.2857	0.272897943200831
15.5252	0.272898563830407
15.549	0.272898317778423
15.7661	0.272898687170494
15.7975	0.272898525710437
16.0168	0.272898563707087
16.0406	0.272898734728219
16.2797	0.272898611756087
16.3071	0.272898867754757
16.53	0.272899159728322
16.5558	0.272898748189554
16.7792	0.272899292968351
16.811	0.272898965995829
17.0114	0.27289917510309
17.0435	0.272898932086849
17.277	0.272898983217139
17.3106	0.272899073907941
17.5097	0.272899453469112
17.5348	0.272899376121741
17.7766	0.272899100433541
17.8008	0.272899022865743
18.0175	0.272899161095519
18.0411	0.272899333870912
18.2813	0.272899562705552
18.3132	0.272899405298848
18.5106	0.272899458919502
18.5375	0.272899549784305
18.7729	0.272900115716676
18.7969	0.272899872420979
19.0141	0.272900270684824
19.0464	0.272900113770023
19.287	0.272900019836909
19.3183	0.272900280428542
19.517	0.272900427262739
19.5434	0.272900352509499
19.7568	0.272900754288747
19.7899	0.272900515904422
20.0113	0.272900926454322
20.0431	0.272900687367934
20.2591	0.272900929326461
20.291	0.272900857352646
20.5256	0.272900944848016
20.5581	0.272901456991143
21.0284	0.272901389002148
21.05	0.272901480946083
21.2692	0.272901568717203
21.2937	0.272901829111524
21.5289	0.272902012195725
21.5529	0.272901855693734
21.7703	0.272901948841324
21.8002	0.272901962320732
22.016	0.272901809574739
22.0406	0.272901820660799
22.2812	0.272902431890766
22.3054	0.272902525739788
22.5226	0.272902379546366
22.546	0.272902640745574
22.7702	0.272902749794661
22.7939	0.272902428549865
23.0113	0.272902455091725
23.0341	0.272902466626694
23.278	0.27290292596862
23.3015	0.272902939554558
23.5141	0.272902885519861
23.5413	0.272903401069577
23.7609	0.272903603417571
23.7928	0.272903288056824
24.0297	0.272903339304108
24.0618	0.272903606408075
24.2623	0.272903889294429
24.2936	0.272903324526306
24.5122	0.272904204466499
24.542	0.272903888657727
24.7599	0.272904104088252
24.7902	0.272904290695209
25.0069	0.272904259096555
25.0309	0.27290460755711
25.2682	0.272904426604363
25.2916	0.272904275295396
25.5234	0.272904343892826
25.5477	0.272904859801082
25.7697	0.272904676836091
25.8029	0.272904532938671
26.006	0.272905088154398
26.0388	0.272904695036204
26.278	0.272905198466369
26.3101	0.272905054783709
26.5269	0.272905460607003
26.5495	0.272905310161499
26.7665	0.272905555559748
26.7922	0.272905741556537
27.0292	0.272905503008652
27.053	0.272906187440801
27.2691	0.27290585658663
27.3014	0.272905548507555
27.5166	0.272906550826458
27.5485	0.272906409050078
27.7674	0.272906670066752
27.7898	0.27290660583262
28.0172	0.272906874650997
28.0413	0.272906894616125
28.2807	0.272906763929382
28.3147	0.272907125955539
28.5305	0.272907558868659
28.5621	0.272907169544533
28.7805	0.272907607863113
28.8126	0.272907470030068
29.0124	0.272907976032677
29.0448	0.272907673175897
29.2577	0.272908533805813
29.285	0.27290822538281
29.5225	0.272908359840949
29.557	0.272908059767741
29.7758	0.27290860510412
29.7984	0.272908627004667
30.0166	0.272908839109838
30.0485	0.272908787705099
30.7661	0.272910016856181
30.798	0.27290954980031
31.0144	0.272910108386717
31.0461	0.272910142348407
31.2628	0.272910291175463
31.2959	0.272910326629426
31.5126	0.272910309617407
31.5384	0.272910588156783
31.7792	0.272910271037975
31.8097	0.272910888130973
32.0303	0.272911216935323
32.0623	0.272911336756472
32.2777	0.272911165600169
32.3095	0.272911201851548
32.529	0.27291170370189
32.5607	0.272911740926005
32.7765	0.272912161031044
32.8008	0.272911939520266
33.0187	0.272911779573869
33.0429	0.272911975513702
33.2704	0.272912165602136
33.2962	0.272912196627579
33.5214	0.272912384679211
33.5557	0.272913010248845
33.7815	0.272913121282415
33.8105	0.272912740254972
34.0309	0.27291334554906
34.055	0.272912959179714
34.2734	0.272913567169516
34.2972	0.272913597102181
34.514	0.272913536799057
34.546	0.272913994741013
34.7624	0.27291435711997
34.7864	0.272913720234891
35.0222	0.272914357360323
35.0524	0.272914396984582
35.2719	0.272914685290838
35.2936	0.272914713787475
35.511	0.272915249667471
35.5347	0.272915281454744
35.776	0.272915271830733
35.7974	0.272915133858157
36.0215	0.272915101760284
36.0534	0.272915478878348
36.2689	0.272915440697391
36.3009	0.27291573455634
36.5258	0.272915877767956
36.5497	0.272915659264751
36.7679	0.272916048778264
36.792	0.272916082318966
37.0101	0.272916387625125
37.0419	0.272916765527189
37.2607	0.272916412033349
37.2924	0.27291695720716
37.5088	0.272916932938497
37.5332	0.272917134298927
37.7722	0.272917649977338
37.7964	0.272917268350429
38.0125	0.272917500020356
38.0377	0.272917787470477
38.2673	0.272917461692332
38.2906	0.272917746314173
38.5322	0.272918106185011
38.5564	0.272918142641461
38.7809	0.272917815990712
38.8048	0.272918602103614
39.0213	0.272918513823121
39.0537	0.272918897194748
39.2717	0.272918983608315
39.2961	0.272919021264591
39.517	0.272919112658741
39.5491	0.272919163135837
39.7654	0.272919085744435
39.7978	0.272919054344591
40.0117	0.272919724459017
40.0392	0.272919519395474
40.2807	0.272919738570144
40.3034	0.272920024045885
40.5107	0.272919867336899
40.5415	0.272920074288021
40.7784	0.272920376626801
40.8028	0.272920584085165
41.0202	0.272920355917455
41.0526	0.272920576427583
41.2705	0.272920438381639
41.2942	0.272920978871664
41.5121	0.27292125684283
41.5358	0.272921296902691
41.7771	0.272920954874935
41.8103	0.272921261048762
42.0126	0.272921852622348
42.0411	0.272921652720233
42.2868	0.272921325307894
42.3177	0.27292204521823
42.5188	0.272922225172445
42.5407	0.272922013483713
42.7603	0.27292256463657
42.7938	0.272922456603152
43.0107	0.272922670012303
43.0349	0.272922963256578
43.2767	0.272922893619473
43.3011	0.272923103758091
43.5178	0.272923156800072
43.5413	0.272922782640765
43.7819	0.272923218295437
43.8062	0.272923428979047
44.0243	0.272923491263153
44.0488	0.272923618825277
44.2714	0.272923946094083
44.3023	0.272923753116552
44.5265	0.272924166502551
44.5439	0.272924282455423
44.7601	0.272924270117973
44.789	0.272924147630039
45.0299	0.272925025922448
45.0515	0.27292465121819
45.2739	0.272924906253464
45.2957	0.272924614323872
45.5179	0.272924786369435
45.5419	0.272925417129568
45.7817	0.272925462481297
45.806	0.272925093651132
46.0227	0.272925512839536
46.0467	0.272925643135309
46.2806	0.272926019534294
46.3128	0.272926165026025
46.5312	0.272926010911877
46.5634	0.272926326118742
46.7803	0.272926590324445
46.8017	0.272926466260563
47.0215	0.272926987987637
47.0548	0.272926638572868
47.2689	0.272926821374794
47.2941	0.272926956672319
47.513	0.272927065214096
47.5401	0.272927287515372
47.7627	0.272927244292858
47.7822	0.272927617682648
48.0247	0.272927865824256
48.0552	0.272927929319865
48.2627	0.272928194633156
48.2858	0.272928326064017
48.5245	0.272928573726167
48.5488	0.272928875064732
48.7754	0.27292910374568
48.8077	0.27292908851538
49.0313	0.272929561699431
49.0641	0.272929298592175
49.2655	0.272929479978283
49.2973	0.272929631442795
49.5145	0.272929763779534
49.5383	0.2729300654989
49.7768	0.272930416912786
49.8072	0.272930483048591
50.0327	0.272930390474109
50.0628	0.272930623282607
50.2607	0.272930643429443
50.2934	0.272931381195506
50.5066	0.272931350916995
50.5396	0.272931424422021
50.7773	0.272931788300454
50.7991	0.27293133689875
51.0186	0.272932160780635
51.0547	0.272932242463184
51.2766	0.272932411049462
51.3	0.272932130548063
51.5251	0.272933140523076
51.5496	0.272933280016763
51.7694	0.272933282837747
51.7934	0.272933505519438
52.0098	0.272933751715812
52.0334	0.272933973196641
52.276	0.272934203020506
52.3021	0.272934013579723
52.5189	0.272934600787989
52.544	0.272934659800968
52.7623	0.272935172902018
52.7944	0.272934915153054
53.0338	0.272936062387333
53.0531	0.272935775864433
53.2726	0.27293587981802
53.3053	0.272936125339915
53.5256	0.272936567158262
53.5592	0.272936731588841
53.7775	0.272936924201228
53.807	0.272937077793294
54.022	0.272937597453622
54.0523	0.272937338178694
54.2675	0.272937696359178
54.2986	0.27293760548924
54.5159	0.272938387134526
54.54	0.272937861316828
54.7584	0.272938901515478
54.7827	0.272938961401011
55.0218	0.272939386606987
55.0464	0.272939697106365
55.2667	0.272940164033676
55.2991	0.272939744891815
55.514	0.272940615511154
55.547	0.272940199834052
55.7787	0.272941034273212
55.8041	0.272941181777952
56.0143	0.272941713330135
56.0602	0.272941830799951
56.2735	0.272942542584808
56.296	0.272942516633128
56.5136	0.272942823099946
56.5342	0.272942876332725
56.7778	0.272943422546341
56.7953	0.272943551110621
57.015	0.272943868435071
57.0366	0.272944009222268
57.2768	0.272944720046512
57.3083	0.272944802356281
57.5207	0.272945858010487
57.5525	0.272945108536097
57.7728	0.272945857108773
57.7968	0.272946170551128
58.0125	0.272946907326137
58.0469	0.272946832466687
58.2706	0.272947763038631
58.3052	0.272947522022373
58.5209	0.272947514996579
58.5527	0.272948267569322
58.7711	0.272948606685256
58.8031	0.272948859716682
59.0231	0.272949287272885
59.043	0.272949507176939
59.2645	0.272950612028184
59.2811	0.272950823814597
59.518	0.27295138664978
59.5396	0.272951362765274
59.756	0.272952208620781
59.7917	0.272952556967005
60.0183	0.272952514563083
60.0473	0.272952678550955
60.2691	0.272953545386228
60.2932	0.272953862454811
60.5123	0.272954222008528
60.5403	0.272954383992961
60.7707	0.272955114337974
60.7937	0.27295526227599
61.0099	0.272956786527529
61.0342	0.27295610526084
61.2719	0.272957279322507
61.2958	0.272957180383553
61.5117	0.272958376303045
61.5355	0.272957860957873
61.7724	0.272959122486478
61.7966	0.27295885834867
62.0119	0.272960058377606
62.0363	0.272959628750656
62.2704	0.272960888672527
62.2948	0.272961125879006
62.5103	0.272962081992526
62.5436	0.272962345783986
62.7613	0.272963147199424
62.7875	0.27296330694123
63.0273	0.272964090159692
63.0611	0.272964356346751
63.2731	0.272965396877047
63.2983	0.272965804439984
63.5193	0.272966455073038
63.5506	0.272966964667004
63.7543	0.272967819365068
63.785	0.272967827019429
64.0226	0.272968616268455
64.0475	0.27296894075028
64.2709	0.272969943133815
64.301	0.272970283281612
64.5192	0.272971270384165
64.543	0.272971175626772
64.7624	0.272972588321421
64.7857	0.272972241738316
65.0262	0.272972968558372
65.0496	0.272973373394234
65.2681	0.272974288671716
65.3004	0.272974387117018
65.5204	0.272975307435632
65.544	0.272976130271477
65.7619	0.272976132211671
65.7865	0.272976541246502
66.024	0.272977771036918
66.0552	0.272977950964484
66.2688	0.272979028964662
66.2963	0.272979197307208
66.5159	0.272979876428571
66.5429	0.272979879239587
66.7617	0.272980810855655
66.7935	0.272980818352088
67.0255	0.272982409684303
67.0599	0.272982409471196
67.2699	0.272983236434217
67.2958	0.272983316952161
67.5207	0.272984442345127
67.5444	0.272984518341902
67.7619	0.272985373144067
67.7858	0.272986081525817
68.0307	0.272986892554904
68.0621	0.272987075986334
68.2625	0.272988050184499
68.2945	0.272987901190361
68.5134	0.272989350529634
68.5356	0.272989421920547
68.7703	0.272990093352924
68.7945	0.272990671301566
69.0138	0.272991793705823
69.0378	0.272991954920937
69.2779	0.272992815842422
69.3099	0.272993252959156
69.5096	0.272994150137389
69.5422	0.272994424249497
69.7754	0.272995017229777
69.8007	0.272995183139424
70.0254	0.272996166845156
70.0592	0.272996778089179
70.274	0.272997234659491
70.308	0.272997762149807
70.5112	0.27299901266436
70.5356	0.272998760853997
70.7752	0.272999803368705
70.7999	0.273000385284254
71.0317	0.273001236080867
71.0722	0.273001286651818
71.7742	0.273004798616819
71.7944	0.273004532678239
72.0142	0.273006020129493
72.0376	0.273005849995949
72.2717	0.273007305703117
72.2959	0.273007220655015
72.5208	0.273008146713975
72.5523	0.273008253510062
72.7781	0.273009686279203
72.8105	0.273009880666693
73.028	0.273010953222314
73.0519	0.27301136836832
73.2701	0.273011863691598
73.2945	0.273012197070431
73.5131	0.273013528842133
73.5446	0.2730130534495
73.7676	0.273014235908527
73.7933	0.273014574334696
74.0111	0.273015239853817
74.0331	0.273015482678871
74.2733	0.273017398256511
74.2997	0.273016738171136
74.5131	0.273018143296756
74.5508	0.273018274592662
74.7888	0.273019185697898
74.8164	0.273019281699834
75.0334	0.273020619961055
75.062	0.273020887798245
75.2715	0.273021453813668
75.2977	0.273021295339718
75.5101	0.273022789071052
75.5452	0.273023246026704
75.7766	0.273024310297755
75.8048	0.273024492961813
76.0283	0.273025279917286
76.0487	0.273025185198966
76.2644	0.273026198456426
76.2886	0.273026117295734
76.53	0.273027472245136
76.555	0.273027310968646
76.7704	0.27302891096479
76.8042	0.273029115564255
77.0224	0.273030224668338
77.0465	0.273030144224531
77.2641	0.273031172351164
77.2877	0.273031590456172
77.5282	0.273032117320477
77.5603	0.273032649625504
77.76	0.273033534247201
77.793	0.273033652876218
78.0283	0.273035166290245
78.0601	0.273034781055135
78.265	0.273036188276683
78.281	0.273036246091128
78.5347	0.273037163360902
78.5651	0.273037273750079
78.7645	0.273038164583252
78.7906	0.273038343729344
79.0074	0.273039130116437
79.0445	0.273040182739862
79.285	0.273040810175615
79.3178	0.273040929859333
79.5316	0.273042377777353
79.5573	0.273041721483541
79.7695	0.273043249975161
79.8045	0.273043461694661
80.0253	0.273044355112008
80.0466	0.273044433578776
80.2686	0.27304550160172
80.2853	0.273045730029451
80.5108	0.273046644166693
80.5427	0.273046845614224
80.7781	0.273048217147247
80.8102	0.273047919002863
81.0138	0.273049339864878
81.0377	0.273049010871714
81.2768	0.273050484482496
81.3016	0.273050410859909
81.5193	0.273051302864171
81.5435	0.273051476623914
81.7657	0.273052723309936
81.7973	0.273052674536627
82.0174	0.27305383027865
82.0404	0.273053499583516
82.28	0.273054981916581
82.3044	0.27305574055497
82.5301	0.273056253928055
82.554	0.27305659425154
83.0319	0.273058394717818
83.052	0.273058804149092
83.2805	0.273060002106235
83.2962	0.27306006133711
83.5122	0.273060544873662
83.5487	0.273061350637133
83.7721	0.27306219814255
83.8026	0.273062565108781
84.0223	0.273062899302071
84.0433	0.273063479727268
84.2704	0.273064345602349
84.2986	0.273064286331838
84.5128	0.273066103952319
84.5452	0.273065978770044
84.7694	0.273066669213136
84.7911	0.273066918999679
85.0136	0.273067770853297
85.0433	0.273067801573527
85.2648	0.273068902845394
85.2899	0.273069249478628
85.513	0.273070190277121
85.5374	0.273069950894953
85.7624	0.273071652594754
85.7928	0.273071519708978
86.0185	0.27307255716198
86.0434	0.273073070608647
86.265	0.273074178555215
86.2949	0.273074294299171
86.5185	0.273074993325985
86.5426	0.273075420550213
86.7589	0.273076344272801
86.79	0.273075881300619
87.0093	0.273077317207348
87.0412	0.273077441585814
87.2665	0.273079487618637
87.2983	0.273079111157238
87.5212	0.273079313257958
87.5588	0.273080127717769
87.7603	0.273080999317658
87.7865	0.273080266903891
88.0289	0.273082300907834
88.0598	0.273082505455281
88.2659	0.27308248056005
88.2957	0.273084015390088
88.5246	0.273084914215865
88.5549	0.273084951214492
88.776	0.273085237183268
88.8061	0.273086273169445
89.0094	0.273086657017138
89.0438	0.273087043165485
89.2807	0.273087146310333
89.3093	0.273088259123348
89.5171	0.273089497504422
89.5453	0.273088943048909
89.7685	0.273090077140137
89.7937	0.273090510715104
90.0191	0.273092238456602
90.0518	0.273091868065079
90.2709	0.273092739367369
90.3033	0.273093035033575
90.5062	0.273093508373327
90.5385	0.273093470481271
90.7622	0.273094863185677
90.7944	0.273094575633309
91.0151	0.273095621982918
91.0485	0.273096005842079
91.2707	0.273097062699415
91.3034	0.273097860798198
91.5257	0.273097748712365
91.5588	0.273098131709892
91.7669	0.27309921723951
91.7978	0.273099174267036
92.0191	0.273100813422968
92.0509	0.27310044079884
92.2753	0.273101344042764
92.307	0.273100887808187
92.5093	0.27310220352367
92.5399	0.273103326906229
92.7644	0.273103732617054
92.7966	0.273104195371079
93.0203	0.273104849273695
93.0489	0.273104965998212
93.2738	0.273106374890591
93.3035	0.273106245850409
93.5123	0.273108091999809
93.5344	0.273107096479799
93.7594	0.273108094040241
93.7907	0.273108388063755
94.0194	0.273109316460161
94.042	0.273108907123813
94.2675	0.273110493259888
94.2999	0.273110624971359
94.5244	0.273111289778729
94.5546	0.273111745667587
94.7629	0.273112512353243
94.7895	0.273113288220172
95.0066	0.273114090897788
95.0387	0.273114305660104
95.265	0.273114814618547
95.2974	0.273115197435083
95.5201	0.273116692835763
95.5522	0.273116240789605
95.7591	0.273117506551833
95.7847	0.273117694986504
96.0039	0.273118511079408
96.0366	0.273118145093843
96.2589	0.273119059324374
96.2838	0.273119745798297
96.5106	0.273120845638045
96.5408	0.273120302851195
96.7653	0.273121645649074
96.7904	0.273121915961408
97.0166	0.273122682193781
97.0421	0.273123204687808
97.2657	0.273124045673272
97.2914	0.273123568001281
97.5128	0.273124733679132
97.5461	0.273125623326145
97.7668	0.273126703857388
97.7963	0.273126575955173
98.0088	0.273127206480955
98.0337	0.273127059673462
98.2722	0.273127799255533
98.3047	0.273128602657171
98.5114	0.27313012887881
98.5422	0.273129005864127
98.7656	0.273129936253436
98.7955	0.273130894969841
99.0222	0.27313167249116
99.0474	0.273131527408925
99.2691	0.273133287162441
99.302	0.273132340055253
99.5025	0.27313359420771
99.5311	0.273133713889829
99.7602	0.273134505752643
99.7859	0.273134780007793
100.0099	0.273135967731633
100.039	0.273136089788926
100.2777	0.27313717455706
100.309	0.27313747257056
100.5133	0.273138079532389
100.5453	0.273138464280328
100.7706	0.273139578311975
100.8039	0.273139634899209
101.0189	0.273139537965305
101.052	0.273140595093148
101.2708	0.273142100257865
101.3006	0.273141225714892
101.5266	0.273143429776701
101.56	0.27314290346927
101.7588	0.273143993446451
101.7928	0.273143302835071
102.0115	0.273144476981936
102.0404	0.273145683838681
102.2595	0.27314569462323
102.292	0.273146248322799
102.5096	0.27314767019144
102.5408	0.273147051751794
102.7826	0.273148744285246
102.813	0.273148957709104
103.2673	0.273150554221332
103.3003	0.273150194014075
103.5243	0.273151146850807
103.5539	0.273151606723715
103.7798	0.273152319224705
103.8121	0.273153124353568
104.0107	0.273153553795511
104.0426	0.273153439701367
104.2665	0.273154646469745
104.2979	0.273154363299289
104.7704	0.273157635750447
104.8018	0.273157770172533
105.0194	0.273157283623129
105.0501	0.273158416475186
105.2707	0.273158278350082
105.3033	0.273159919921745
105.526	0.27316087561344
105.5579	0.273161179632679
105.7593	0.273161795267914
105.7905	0.273161762557143
106.0111	0.273163628706111
106.0423	0.273162428423904
106.2746	0.273163679629345
106.3085	0.273164159423957
106.5092	0.273164858266975
106.5397	0.273164655248395
106.7789	0.273166438966434
106.8117	0.273166163426812
107.0128	0.273167031871225
107.0456	0.273167757856925
107.2694	0.273168809612332
107.2979	0.273168932932409
107.771	0.273169982275438
107.8022	0.273170617142731
108.0211	0.273171816766268
108.0528	0.273171787643222
108.2711	0.27317323673053
108.3042	0.273172212487639
108.5267	0.273173261999702
108.5596	0.273173406272716
108.7599	0.273175279546202
108.7901	0.273175160724326
109.015	0.273175889576952
109.0477	0.273176032386192
109.2681	0.273176743588425
109.298	0.273177708397662
109.5232	0.273178107031094
109.5561	0.273178334281987
109.7809	0.273179316979808
109.8125	0.273179037940301
110.0161	0.273180261841347
110.0504	0.273180411936571
110.2755	0.273181481480955
110.3073	0.273181203594887
110.5293	0.273183344348963
110.5634	0.2731827420834
110.7622	0.273183198383903
110.7938	0.273184004570066
111.0145	0.273185140020839
111.0475	0.27318411717553
111.2719	0.273186105190956
111.3032	0.273185742207814
111.527	0.273186559710261
111.5581	0.273186696602457
111.7671	0.273188034698415
111.7982	0.27318750428149
112.0233	0.27318857968806
112.0529	0.273189044112449
112.2756	0.273190443364391
112.3065	0.273190412879075
112.5327	0.273191412745598
112.565	0.273191972800168
112.7637	0.273192267551371
112.7947	0.273192571531602
113.0156	0.273193214919696
113.0489	0.273193362479625
113.2745	0.273193444319612
113.3057	0.273194415962153
113.5275	0.273195733809547
113.5589	0.273195289127703
113.7675	0.273196298649218
113.8007	0.273196778756597
114.0229	0.273197182367981
114.0545	0.273197740130662
114.2785	0.273198069809198
114.3104	0.273199462267124
114.5098	0.273199598263637
114.5414	0.273199739072283
114.7814	0.27319972291
114.8149	0.273201291685474
115.0138	0.273201176784491
115.0464	0.273201071980059
115.2787	0.273201858663148
115.3118	0.273202840844341
115.5145	0.27320416305728
115.5459	0.273204385931515
116.0097	0.273205291924452
116.0451	0.273206119098785
116.2739	0.273206644423226
116.3045	0.273207281160449
116.5276	0.273208113161553
116.5587	0.273207586182083
116.7837	0.273208846345604
116.8159	0.273208740529418
117.0227	0.273210086081666
117.0553	0.27321064987921
117.2791	0.273211405756369
117.3092	0.273211541093922
117.5099	0.273212109740245
117.543	0.273211758150015
117.7595	0.273212566343714
117.7908	0.273212957648525
118.0085	0.27321327064549
118.0434	0.273213845331268
118.2822	0.273214754798105
118.3128	0.27321464353726
118.5141	0.273217554565614
118.5481	0.273216206183887
118.7652	0.273217354191789
118.7963	0.273217160865843
119.0157	0.273217568406925
119.042	0.273217520573039
119.2738	0.273219821648378
119.3049	0.273219712159286
119.5271	0.273220383537796
119.5599	0.273220533296541
119.7631	0.273221621643023
119.7941	0.273220927730538
120.014	0.273221507764987
120.0387	0.273222704786158
120.2592	0.273222453616302
120.2925	0.27322360724835
120.5147	0.273223031117281
120.5487	0.273223853388783
120.7742	0.273225797225236
120.8098	0.273224123380482
121.0089	0.273226030672003
121.0454	0.273226195991162
121.2659	0.273226117009773
121.299	0.273227269202832
121.5242	0.273228796389487
121.5573	0.273227779170773
121.7792	0.273228208747275
121.8134	0.273228781106283
122.0227	0.273230237319146
122.0485	0.273229687668508
122.2768	0.273230731553232
122.3102	0.273231468399988
122.5313	0.273231728402406
122.5647	0.273231547523205
122.7605	0.273232444120198
122.7939	0.273232345689761
123.0137	0.273234104318145
123.0439	0.273234576522733
123.2653	0.273233922891588
123.2985	0.273235744189
123.5184	0.273235750514674
123.5516	0.273236070962436
123.7742	0.2732362598068
123.8101	0.273236674098035
124.0096	0.273237840862672
124.0408	0.273237482824125
124.2622	0.273238085111109
124.2948	0.273238735762151
124.5119	0.273239651068055
124.5451	0.273239804032864
124.7663	0.273241157033671
124.8018	0.273240151375208
125.0251	0.273242099343156
125.0567	0.273242160730797
125.2747	0.273242416656336
125.3096	0.273242743553912
125.5115	0.273243676360592
125.5424	0.273243401869883
125.783	0.273244930933638
125.8142	0.273243573101612
126.0143	0.273245415784367
126.0457	0.273244559658618
126.2654	0.273246411100937
126.2982	0.273246561918464
126.5142	0.273247646234717
126.5489	0.273248558172466
126.7716	0.273248255117615
126.8019	0.27324814519252
127.0244	0.273248592472394
127.0594	0.273249255669022
127.279	0.273250108098847
127.3103	0.273250253392643
127.5285	0.273250849144341
127.5628	0.273251843147036
127.764	0.273251276214581
127.7959	0.273251341047366
128.0182	0.273252624909241
128.0504	0.273252106999408
128.2762	0.273253992694434
128.3098	0.273253314535783
128.5283	0.273253497299976
128.5607	0.27325364933825
128.7593	0.273255408721645
128.7903	0.273255553229582
129.0174	0.273255777488893
129.0473	0.273255918065242
129.2662	0.273257773529709
129.2973	0.273257084204606
129.5175	0.273257277663118
129.5491	0.273258259845402
129.7726	0.273260139219954
129.8067	0.273257794879731
130.0079	0.273258735475629
130.0382	0.273258877291276
130.2796	0.273261676608669
130.3107	0.273260152896928
130.5134	0.273261101843825
130.5472	0.273262093990456
130.765	0.273261446716469
130.7954	0.2732615882198
131.0141	0.273264283595641
131.0445	0.273263591597219
131.5203	0.273265824989191
131.5519	0.273264305359036
131.7687	0.273265323266832
131.7996	0.273265467602703
132.2673	0.273267668438288
132.3003	0.273267823741059
132.7675	0.273270024038125
132.8001	0.273270177627997
133.0229	0.273270393107588
133.0534	0.27326970235101
133.2819	0.273270780573066
133.3156	0.273269855491599
133.5234	0.273272003471281
133.5558	0.273270654350574
133.7799	0.273271546078499
133.8121	0.273273283905703
134.0127	0.273272729547846
134.0464	0.273273807031335
134.2719	0.273273204506258
134.302	0.273274014437871
134.5287	0.273276005100409
134.5602	0.273274902291003
134.7596	0.273274427988425
134.7922	0.273275834177398
135.0191	0.273277326335185
135.0513	0.273277312112411
135.2759	0.27327745910111
135.3087	0.273277030268645
135.5093	0.273276896688496
135.5426	0.273277471955231
135.7654	0.27328003210711
135.7971	0.273279348109981
136.0242	0.273279174562364
136.0557	0.273279741422429
136.2812	0.273280312716346
136.3122	0.27327895764163
136.5126	0.273280911991863
136.547	0.273281242466747
136.7703	0.27328147074546
136.8031	0.273281626805181
137.0278	0.27328186171697
137.0599	0.273284518467284
137.2591	0.273283798520335
137.2929	0.273283124779748
137.5099	0.273284993575413
137.5407	0.273285150390596
137.7596	0.273283680756432
137.7917	0.273284668581979
138.0328	0.273285818802661
138.0639	0.273284298243904
138.2675	0.273286939717693
138.3003	0.273287096370062
138.5229	0.273287324979036
138.5557	0.273287481808857
138.7806	0.273287722508098
138.8118	0.273287037057592
139.0117	0.273287158289332
139.0422	0.273288138909864
139.2685	0.273289222160314
139.3022	0.273290218117675
139.5287	0.27329046784201
139.559	0.273288943809684
139.7578	0.273289896452573
139.7913	0.273291726266463
140.0296	0.273292033744539
140.0624	0.273291356461036
140.2637	0.273292322193028
140.297	0.273291647312825
140.5195	0.273291045598442
140.5514	0.273293702789614
140.7809	0.273293135627004
140.8115	0.27329411738935
141.0183	0.273294274990725
141.0539	0.273293612491702
141.2572	0.273293754281793
141.2877	0.273295571268366
141.5251	0.273296712810232
141.554	0.273294347832527
141.7807	0.273295438938822
141.8147	0.273295602746772
142.0124	0.273296554179586
142.0445	0.273295039567934
142.2626	0.273297759677852
142.2968	0.273296256167672
142.5231	0.273299014994697
142.5527	0.27329665474792
142.7756	0.273299398200564
142.8088	0.273297888958645
143.0183	0.273299735196349
143.0499	0.273298218420842
143.2675	0.273300103685289
143.3019	0.27329860054875
143.5231	0.273301336873771
143.5546	0.273299819818154
143.7804	0.273300076491056
143.8153	0.273302749100358
144.012	0.273300360380572
144.0437	0.273302184020572
144.2658	0.273303258549412
144.2963	0.273301736683521
144.5191	0.273302813748757
144.5506	0.273302966345412
144.7743	0.2733032160094
144.8078	0.273303378129372
145.0085	0.273303515472105
145.0411	0.273302838860588
145.2639	0.273303919949368
145.296	0.273304074514838
145.5159	0.273305140553333
145.5482	0.273304462643181
145.775	0.273304728496969
145.8062	0.273304045252305
146.0305	0.273305968400918
146.0649	0.273306135481189
146.2668	0.273305446815548
146.2986	0.273306435912179
146.5251	0.273308370775347
146.5567	0.273307690811098
146.7795	0.273308772925514
146.8129	0.273308100652014
147.013	0.27330656872491
147.0446	0.273307558151563
147.2594	0.273308603254811
147.2945	0.273308774054587
147.5219	0.273309046080626
147.5532	0.273309198537924
147.7697	0.273311087688671
147.8006	0.273310404557466
148.0259	0.273309831747874
148.0559	0.273310812643743
148.2801	0.27331023639899
148.3092	0.27331121288189
148.5308	0.273312293359262
148.5632	0.273312451464904
148.7688	0.273310116304409
148.8014	0.273310275220585
149.0236	0.273313028841569
149.0557	0.273312351048288
149.2737	0.273313415686453
149.3063	0.273313574017142
149.5328	0.273313846710771
149.5644	0.273314001104215
149.7637	0.273314140796159
149.7974	0.273315141077407
150.0209	0.273313727852475
150.0526	0.2733155533073
150.2634	0.273314915230947
150.2921	0.273316724941916
150.5098	0.273316121824642
150.5408	0.273316271723217
150.7619	0.273315686001583
150.7935	0.273317510175477
151.0177	0.273316938856546
151.0498	0.273316261379147
151.2672	0.273317326866578
151.2964	0.273316635334326
151.5259	0.273316091029737
151.5571	0.273317912339224
151.7578	0.273315559357046
151.7911	0.273319895714419
152.0289	0.273318658344304
152.0624	0.273317053715282
152.2613	0.273318865634366
152.2955	0.273318197885938
152.5219	0.273318474795047
152.5555	0.273318639850533
152.771	0.273320533464534
152.8034	0.273321527156368
153.0282	0.273320961636557
153.058	0.273321109011684
153.2671	0.273320468071669
153.2988	0.273321458479498
153.5314	0.273322601514478
153.565	0.273320263942826
153.7696	0.273320436079032
153.7995	0.273322252544121
154.0235	0.273321685818144
154.0573	0.273322686763417
154.2707	0.273322903157852
154.3055	0.273323909190232
155.0291	0.273324137683656
155.0637	0.273324307333525
155.2864	0.273325405858519
155.3167	0.273325555321179
155.7635	0.273326924739394
155.7969	0.273325421413768
156.0217	0.273327365741866
156.0532	0.273325851220816
156.262	0.273327718428732
156.2959	0.273327885778559
156.5272	0.273328194035483
156.5578	0.273327510587476
156.7789	0.273328603684655
156.8093	0.273327919353109
157.0089	0.273327236959865
157.0416	0.273328233368043
157.28	0.273328578255253
157.3123	0.273327903440473
157.5157	0.273330579098842
157.5468	0.27332906382303
157.7753	0.273330195181311
157.8076	0.27332952048322
158.0078	0.273330510837496
158.041	0.273330676373453
158.2681	0.273330132382986
158.3018	0.273328629965764
158.5249	0.273330570074458
158.5593	0.273330740640424
158.7799	0.273331834439901
158.8125	0.27333116145969
159.0102	0.273331307121907
159.0427	0.273329799156167
159.2692	0.273332592214455
159.3047	0.27333276835353
159.5305	0.27333305419852
159.5602	0.273332367092433
159.7611	0.273332530070988
159.7929	0.27333352257938
160.0165	0.273332962605078
160.0486	0.273334792308681
160.275	0.273336751776801
160.3079	0.273335245931722
160.5109	0.273332916124909
160.544	0.27333558364168
160.7676	0.273336696223371
160.7983	0.273334345175712
161.0238	0.27333546640255
161.055	0.273337290740096
161.2815	0.273335913768612
161.3126	0.273336068500958
161.5265	0.273337967396079
161.5562	0.273337280639418
161.7802	0.27333589303077
161.8106	0.273337712543813
162.0121	0.273339550365451
162.0468	0.273339724291635
162.2725	0.273339178364915
162.3012	0.273339321340352
162.5205	0.273338744677893
162.5503	0.273338893204136
162.7753	0.273342518673501
162.81	0.273338518719868
163.0111	0.273340355656323
163.0423	0.273339675765183
163.2681	0.273339133868378
163.294	0.273341766762413
163.5278	0.273341263824345
163.5609	0.273340594419995
163.759	0.273341583152963
163.7928	0.273340082750503
164.0081	0.273341157246568
164.0423	0.273341328052371
164.2832	0.273342531145447
164.3073	0.273343486113232
164.5299	0.273342928699694
164.5643	0.273342265130624
164.7675	0.273344116152241
164.799	0.273342603298798
165.0204	0.273343710640423
165.0559	0.273344722913326
165.2797	0.273345007220608
165.3143	0.273344345621253
165.5197	0.273344538113049
165.5497	0.273343853602183
165.7781	0.273344161724563
165.8119	0.273346000031302
166.0131	0.273344502897185
166.0438	0.273346325787557
166.2584	0.273348234703306
166.2915	0.273347565791187
166.5081	0.273346146360356
166.5421	0.273347151393216
166.7616	0.273347415173155
166.7943	0.273347579977886
167.016	0.273348690452795
167.0467	0.273348844275723
167.2717	0.273348302723544
167.3039	0.27334846410278
167.5197	0.273347877548283
167.553	0.273349712696741
167.774	0.27334998631987
167.8076	0.273349320245908
168.0083	0.273349492186755
168.0402	0.273349652127406
168.2618	0.273349928461348
168.2951	0.273350096437532
168.5195	0.273351222518488
168.5507	0.273351379046455
168.7704	0.273353317627085
168.8036	0.27335097943923
169.028	0.273351271431378
169.0581	0.273350587132857
169.2835	0.273351720300523
169.3145	0.273351876947539
169.5163	0.273353724139441
169.548	0.273351379665917
169.7654	0.273352471356211
169.7988	0.273353474786252
170.0243	0.2733554425895
170.0537	0.273353086767372
170.2623	0.273352466313886
170.2949	0.273354299428236
170.5206	0.273356268915903
170.5535	0.273356434428938
170.7567	0.273355787486441
170.7901	0.27335595551983
171.0112	0.273355398644904
171.0429	0.273357227555488
171.2692	0.273356697270493
171.3005	0.273356854824032
171.5239	0.273357144735105
171.5538	0.273356460725121
171.7837	0.27335845323131
171.8149	0.273357776667261
172.0246	0.273358830843457
172.0559	0.273358154925391
172.2792	0.273359279900222
172.3114	0.273358607531446
172.5113	0.273358780156592
172.5449	0.273358949528891
172.7692	0.27335841103555
172.8041	0.273360256222341
173.0282	0.273359716795058
173.0613	0.273360719263547
173.2593	0.273360882232615
173.2906	0.273360205494433
173.5331	0.273361428597347
173.5651	0.273360755482956
173.7669	0.27336177373025
173.7989	0.273362769786673
174.0231	0.273361397342591
174.0565	0.273363235137775
174.2795	0.273365195495544
174.3111	0.273363685826378
174.5142	0.27336220739486
174.5448	0.273363196526691
174.7714	0.273363505485032
174.8039	0.273366174299599
175.0312	0.273365653194983
175.0611	0.273364969693089
175.2616	0.273365148372858
175.292	0.273366136583188
175.5098	0.273363898655677
175.5435	0.273364903604992
175.7653	0.273366859443636
175.7949	0.273367009084871
176.0181	0.273368972069287
176.049	0.27336829375007
176.2742	0.273366928949085
176.307	0.273369598617442
176.5245	0.273368194016614
176.5568	0.273367523864585
176.7602	0.27337022212251
176.7918	0.27336787824098
177.0171	0.273370687479162
177.0499	0.273370019054781
177.2719	0.273369473499622
177.304	0.273371304294638
177.5306	0.273371617846758
177.5608	0.273370101484365
177.7628	0.273370289896886
177.7949	0.273372121643762
178.0265	0.273371625415441
178.0571	0.273370112322316
178.2654	0.273373670401627
178.297	0.273372161329221
178.5145	0.273371594154856
178.5482	0.273372599557184
178.7746	0.273372912519977
178.806	0.273373071679715
179.0289	0.273373366966547
179.0625	0.273373537347459
179.2703	0.273376260256521
179.3012	0.273373913196784
179.5278	0.273375896872607
179.5601	0.273375226146314
179.7664	0.273377107294556
179.7949	0.273375582756758
180.0187	0.27337671806939
180.0501	0.273376877477306
180.2767	0.273375523791368
180.3058	0.273376505959621
180.513	0.273378392121858
180.5433	0.273377721400571
180.764	0.273379666507661
180.7969	0.273378999942079
181.0243	0.273378484380228
181.0555	0.273380312031029
181.2805	0.273380620275165
181.3115	0.273379108556847
181.5166	0.273380150339689
181.5471	0.273379470728633
181.7685	0.273381430321388
181.8021	0.273381601210276
182.0211	0.273381044717804
182.0549	0.273382885721777
182.2777	0.273383183698631
182.3084	0.273384174358252
182.5292	0.273381958442558
182.5635	0.273382967431448
182.7639	0.273384821244319
182.7949	0.273384978801359
183.0124	0.273383581142977
183.0436	0.273383739838061
183.2684	0.273384883497509
183.3006	0.273385047277883
183.5169	0.273384478572387
183.5519	0.27338465677181
183.7751	0.273385792582414
183.809	0.273388468912489
184.0248	0.273387898025616
184.0575	0.273388064514479
184.2788	0.273386687422402
184.3108	0.273386850348653
184.5141	0.273392058446485
184.5468	0.273389721172182
184.7727	0.273390872797756
184.8028	0.27339102609795
185.0233	0.273389644334469
185.0557	0.273387305658235
185.28	0.273388448485248
185.311	0.273390275675586
185.5152	0.27339131622861
185.5462	0.27339147407394
185.7691	0.273390941016703
185.8025	0.273393616060203
186.0267	0.273393088661327
186.0589	0.273393252840995
186.2664	0.273391808098067
186.2993	0.273393544143548
186.5278	0.273394810252413
186.5576	0.273395795806549
186.7605	0.273394326948778
186.7922	0.27339532324526
187.0138	0.273393949822219
187.0489	0.273394964504798
187.2724	0.273396103964282
187.3049	0.273397104414382
187.5081	0.27339647208143
187.5394	0.273397466460989
187.7592	0.27339608463274
187.7883	0.273397902374115
188.0293	0.273399967243698
188.0632	0.273396801914959
188.261	0.273400315905014
188.2932	0.273398810988646
188.514	0.273400773115052
188.5467	0.273400940150939
188.7733	0.273400428456104
188.8029	0.273398910452513
189.0276	0.273400058314456
189.0594	0.273401890029622
189.2677	0.273400450628478
189.2997	0.273403117968617
189.5204	0.273403411177716
189.5503	0.273403564025075
189.7739	0.273403872419911
189.8071	0.273403207524288
190.0321	0.273406026992951
190.0618	0.273404509782419
190.263	0.27340553847578
190.2944	0.273406533669913
190.5341	0.273407759467745
190.569	0.273407103382295
190.7589	0.273408073943167
190.7914	0.273406571967948
191.0124	0.273408537026908
191.0435	0.273407027021253
191.2852	0.273409932938878
191.3152	0.273409251832015
191.5227	0.273409479076494
191.5533	0.273409635711986
191.7754	0.273410773670513
191.8063	0.273412600075154
192.0096	0.273409467656112
192.0395	0.273411290003654
192.2685	0.27341246265393
192.2982	0.273410945491661
192.5158	0.273412894417183
192.5509	0.273413908845395
192.774	0.273414217044778
192.8045	0.273414373351849
193.0062	0.273413737341116
193.0383	0.273417240272487
193.2809	0.273416814134643
193.3121	0.273414470112476
193.5136	0.273416337295472
193.5466	0.273416506450129
193.771	0.273416821210557
193.8024	0.27341865246247
194.0204	0.273420604475476
194.0525	0.273419099781349
194.2767	0.273418580140401
194.308	0.273419575272101
194.5118	0.273421454978111
194.5448	0.273420788710257
194.7667	0.273420258518435
194.7995	0.273420426880254
195.0174	0.273422379162222
195.0499	0.273421711330834
195.2742	0.273422862205729
195.307	0.273423030620684
195.5189	0.273424117833381
195.5539	0.273422627270168
195.7601	0.273426190661269
195.7923	0.27342301722511
196.0354	0.273425099756029
196.0651	0.273423583085354
196.2645	0.273423772125263
196.2966	0.273425606394095
196.5191	0.27342674868521
196.5553	0.273426100119911
196.779	0.273427248996017
196.8111	0.27342741400703
197.0115	0.273427608576478
197.0472	0.273429461258431
197.2702	0.273428103236097
197.3036	0.273430778640962
197.5091	0.273429330678032
197.5422	0.273432004705068
197.7764	0.273432373867496
197.8088	0.273434209583503
198.0098	0.273432738800268
198.0432	0.273434579770868
198.28	0.273434128015542
198.3083	0.273434273418435
198.5096	0.273435308532448
198.5428	0.27343631382041
198.7567	0.273435744746934
198.7942	0.27343593762213
199.0143	0.273437904166072
199.0491	0.273437248691058
199.276	0.273440085271674
199.3051	0.273438565608051
199.5132	0.273440470960999
199.5444	0.27343896215785
199.7823	0.273439351831406
199.8126	0.273441177310009
200.0207	0.273440577927435
200.0549	0.273439085631825
200.2785	0.273441071384861
200.3124	0.273440410238409
200.5237	0.273442333854206
200.5571	0.273442505710805
200.7844	0.273443676288155
200.814	0.273443828772808
201.0136	0.273446526077997
201.0447	0.273444182191716
201.2658	0.273446156902472
201.2983	0.273447158042658
201.5116	0.273446587500001
201.546	0.273446764779354
201.7705	0.273447086988613
201.8035	0.273449761173912
202.0268	0.273448407894262
202.056	0.273449393067823
202.2588	0.273448769093959
202.2901	0.273451434576882
202.5308	0.273451840729842
202.5629	0.273449502128132
202.7662	0.273452220949165
202.799	0.273453223771681
203.0202	0.273454365484379
203.0525	0.273453696363317
203.2774	0.27345318706179
203.3092	0.273454185812238
203.5099	0.273455220202577
203.5401	0.273455377103049
203.7718	0.273454903260592
203.8019	0.273455893164363
204.0254	0.273457046495819
204.0579	0.273458883744761
204.2825	0.273459208334416
204.3159	0.273459380742532
204.5298	0.273459650172556
204.564	0.27345732258707
204.7806	0.273461779943699
204.8131	0.273461113056482
205.0181	0.273462171693769
205.053	0.273460682357174
205.2803	0.273461856422107
205.3126	0.27346369274572
205.5118	0.27346472168955
205.5387	0.273464025064929
205.771	0.273465226376296
205.8055	0.273466239241208
206.0287	0.273467392562745
206.0589	0.273465044404798
206.2597	0.273469421316255
206.2927	0.273466252840622
206.5167	0.273469914937511
206.5449	0.273468390288036
206.7666	0.273467033384873
206.8003	0.273468042228776
207.0224	0.273470025369555
207.055	0.273472698292896
207.2815	0.273473035017849
207.3138	0.273471532582285
207.5221	0.273475115304279
207.5483	0.27347191072107
207.7619	0.273474686452345
207.7954	0.273474023966209
208.0205	0.273475188647088
208.0538	0.27347536102064
208.2768	0.273477350975219
208.3105	0.273478358279203
208.5122	0.273479403257583
208.5409	0.273477882113851
208.7721	0.273479913921183
208.8042	0.273480080122374
209.0274	0.273479566170284
209.0598	0.273478899193519
209.2594	0.273480767728555
209.2929	0.273483445691029
209.5148	0.273484594929839
209.5487	0.273484770563333
209.7773	0.273484284401004
209.8085	0.273485281880007
210.0304	0.273485596801215
210.0618	0.273487429013381
210.271	0.273486008782315
210.3055	0.273487022400511
210.5292	0.273488181816196
210.5521	0.2734883005362
210.784	0.273489502809216
210.8123	0.273490484362225
211.0201	0.27349072689813
211.0515	0.273492559421949
211.2776	0.273491227524418
211.3095	0.273492227797384
211.5105	0.273493270234268
211.5416	0.273491762025846
211.7599	0.273495398986774
211.7945	0.273494743799489
212.0159	0.27349672714528
212.0485	0.273495226642279
212.2749	0.273495566763105
212.3075	0.273496570797014
212.5328	0.273499409818308
212.5566	0.273497028962577
212.7697	0.273499804950586
212.8004	0.273500799106194
213.0276	0.273499473202339
213.0581	0.273500467482502
213.2803	0.273503291078506
213.3143	0.273501797915393
213.5214	0.273502038639449
213.5533	0.273502204371468
213.7738	0.273502515015794
213.8076	0.273505195358621
214.0087	0.273504570276085
214.0407	0.273507241216448
214.2636	0.273505894997742
214.2956	0.273506896174843
214.5164	0.273508043704777
214.552	0.273509898566164
214.7706	0.273506860620317
214.8001	0.273510353517932
215.0172	0.273510647329119
215.0494	0.273510814792824
215.2756	0.273511991187548
215.3102	0.273511336238133
215.5328	0.2735108241848
215.5635	0.273513488584023
215.7693	0.273515394178365
215.801	0.273515559096436
216.0158	0.273515006811591
216.0494	0.273514346780435
216.274	0.273517185495504
216.3047	0.273517345263349
216.5296	0.27351851578375
216.5618	0.27351701360433
216.7831	0.273520670498965
216.8141	0.273521666819881
217.0164	0.273521050216942
217.0517	0.273521234063606
217.2718	0.273521545440043
217.3026	0.27352003701929
217.5251	0.27352453371365
217.5573	0.273523032429835
217.7635	0.273525776739152
217.7957	0.273524273648625
218.0123	0.273525403131135
218.0435	0.273528070465461
218.2685	0.273529243145212
218.2997	0.273526901065423
218.5236	0.273528067878703
218.5543	0.273527392993482
218.775	0.273528543712266
218.807	0.273529545556445
219.0075	0.273532260741689
219.0424	0.273530772848455
219.2811	0.273533687744128
219.3133	0.27353385568706
219.5131	0.273532392906626
219.5468	0.273534238664066
219.7694	0.273532060245044
219.7989	0.273535554009497
220.0238	0.2735367274812
220.056	0.273536895548281
220.2789	0.273537223992226
220.3133	0.273538238531385
220.5115	0.27353927304687
220.5459	0.273539452658215
220.766	0.273541436936808
220.7986	0.273539102133875
221.0224	0.273542775692367
221.0548	0.273539604969469
221.2776	0.273542438688764
221.311	0.273541778159969
221.5109	0.273546162326075
221.5436	0.273542158193448
221.7612	0.273545800193194
221.7938	0.273545970537563
222.0203	0.273547989110879
222.0534	0.273545657104315
222.2767	0.273545989334012
222.3084	0.273546989178081
222.5298	0.273548147527882
222.5661	0.273548337333518
222.7712	0.27355107979098
222.8031	0.273550411527547
223.0226	0.273551559364519
223.0573	0.273550905870007
223.2826	0.273552919499296
223.3129	0.273553078045876
223.5151	0.273554135715334
223.5475	0.273555140304561
223.7656	0.273554611567373
223.7993	0.273556457992807
224.027	0.273557649623483
224.0607	0.27355365094928
224.2581	0.273556354327181
224.2923	0.273556533367026
224.533	0.273558628538373
224.5643	0.273559627502397
224.7676	0.273559122114793
224.7984	0.273561688551753
225.0216	0.273558682260262
225.048	0.273562995820886
225.2708	0.27356165790606
225.3064	0.27356268050956
225.5296	0.273564683007712
225.5636	0.27356486225949
225.7652	0.273565083721133
225.7981	0.273567762296222
226.0211	0.273564754755522
226.0575	0.273565780658069
226.2783	0.273567773387389
226.3127	0.273567953752542
226.512	0.273568997842899
226.5457	0.273570010664585
226.7739	0.273568702230776
226.8037	0.273570528689825
227.0244	0.273571686318035
227.0581	0.273571863219838
227.2595	0.273571250783633
227.2944	0.273572267944565
227.5108	0.273575073622332
227.5428	0.273576912856806
227.7625	0.273574724694787
227.7931	0.273575720457719
228.0177	0.273576064232002
228.0504	0.273577071043528
228.2762	0.273577421687058
228.3071	0.273580089359268
228.509	0.273580314362101
228.5413	0.273578813773629
228.7605	0.273579965422877
228.7918	0.27357929466632
229.0303	0.273583053043793
229.0631	0.273582390322926
229.2673	0.273583463317514
229.2986	0.273584463010151
229.5161	0.273586441126143
229.5488	0.273584107738317
229.7655	0.27358942256219
229.7961	0.273587913282799
230.0244	0.273588278277025
230.0545	0.273589188349987
230.2734	0.273591425224903
230.3064	0.273592517463247
230.5218	0.273593566875721
230.5536	0.273593233096069
230.7742	0.273596732273811
230.8048	0.273595724028991
231.0283	0.273597568184027
231.0609	0.273598741998912
231.2628	0.273600806970168
231.2936	0.273598964631271
231.5145	0.27360263213934
231.5446	0.273603960755053
232.0245	0.273607991436243
232.0567	0.273608244590954
232.2695	0.273611787791585
232.3035	0.273612802038793
232.5204	0.273614779973167
232.5512	0.273615777698384
232.7595	0.273620216481243
232.791	0.273620383531174
233.0282	0.273624138563457
233.059	0.27362262944306
233.2605	0.273627033950071
233.2935	0.27362970407277
233.5126	0.273632540076235
233.5445	0.273633543533699
233.7832	0.273638979498121
233.8158	0.273639986850173
234.0216	0.273642743249031
234.0522	0.273642904724757
234.2767	0.273647431113908
234.308	0.27364759537374
234.511	0.273653680426465
234.5423	0.273653845500895
234.7594	0.273657498058702
234.7941	0.273657681250245
235.0198	0.273661380341216
235.0504	0.273664883088858
235.2729	0.273666057268528
235.3052	0.273667064418987
235.5095	0.273668978013612
235.542	0.273666644053298
235.7829	0.273671260033003
235.8159	0.273671433332422
236.0149	0.27367248482679
236.0501	0.273673505547836
236.2739	0.273678031866178
236.3075	0.273677373748579
236.5318	0.27367605266175
236.5653	0.27367957217908
236.7727	0.273680668906589
236.8039	0.273680834894016
237.0205	0.273684486156472
237.048	0.273683796140489
237.2706	0.273687480524932
237.303	0.273687651900187
237.531	0.273690529574484
237.5664	0.27369071697463
237.7624	0.273692589791846
237.7957	0.273694437372037
238.0266	0.273695659453401
238.0582	0.273696662516291
238.2804	0.273697003233229
238.313	0.273698846300272
238.5133	0.273702414856125
238.5447	0.273702581300831
238.7608	0.273702890134964
238.7941	0.273703902377637
239.0255	0.27370930663451
239.0564	0.273706127540035
239.2799	0.273709819012751
239.3112	0.273710821679856
239.5125	0.273711887364692
239.5434	0.273714558465786
239.773	0.273714939873627
239.8022	0.273715930451208
240.0202	0.273718757825072
240.0501	0.273718080543821
240.2753	0.273722618095676
240.3074	0.273721116734818
240.511	0.273725539820661
240.5433	0.273725711198877
240.7619	0.273726035287137
240.7942	0.273727878387316
241.0193	0.273731580175639
241.0538	0.27373009176815
241.2771	0.273732112699978
241.3073	0.273733109031734
241.5073	0.273737513981632
241.5411	0.273736021722025
241.7661	0.273738052582319
241.7964	0.273739885082515
242.0162	0.273741888395207
242.0491	0.273744570757387
242.2727	0.273744086849069
242.3051	0.273745094950565
242.5088	0.273747012958306
242.5396	0.273746340731807
242.7837	0.273750981805803
242.8155	0.27375114996048
243.0173	0.273752223462222
243.0495	0.273754066490131
243.2736	0.273756929072046
243.3044	0.273756257938815
243.5297	0.273758292750903
243.5619	0.273758463025611
243.7597	0.273763695148819
243.7941	0.273762206167379
244.0251	0.273766778992789
244.0559	0.273766106875963
244.2798	0.273767298368552
244.3103	0.273769132734378
244.5135	0.27377105014455
244.5459	0.273772894731319
244.7614	0.273773205957324
244.7983	0.273774238609553
245.021	0.273777096261123
245.0533	0.273777268297016
245.2763	0.273780128166177
245.3079	0.273779459476756
245.5108	0.27378221322733
245.5433	0.273781550476824
245.7608	0.273784380542648
245.79	0.273785373251889
246.0197	0.273786596229348
246.0524	0.273787607643206
246.2765	0.273789638214507
246.309	0.273791483723649
246.5103	0.273792556792118
246.5413	0.273792722111577
246.7878	0.273796545113175
246.8227	0.273797567404614
247.0182	0.273800282372619
247.0513	0.273799622783081
247.2752	0.273802489685342
247.3058	0.273801816743082
247.5101	0.273803742958268
247.5409	0.273804743672185
247.7821	0.273806867083976
247.8181	0.273807895579843
248.0159	0.273811460048344
248.0487	0.273811635036576
248.2657	0.273814466241216
248.2978	0.273812965282896
248.515	0.27381496030596
248.548	0.273816810110978
248.7728	0.273820519650915
248.7924	0.273819788070876
249.0247	0.273821865338761
249.0595	0.273821215029599
249.2603	0.273824797000521
249.2904	0.273826630467483
249.5293	0.273828742721096
249.5633	0.273830597982446
249.7634	0.273829995301888
249.7972	0.273831848580696
250.0158	0.273834690065929
250.0448	0.273834845105587
250.2675	0.27383687172195
250.3003	0.273837884547953
250.5282	0.273840776307791
250.5617	0.273841790970308
250.7628	0.273843704463337
250.7944	0.273843037000524
251.0125	0.27384671428786
251.0443	0.273846047098647
251.268	0.2738497548477
251.3006	0.27384909194894
251.5237	0.273852795599554
251.5565	0.27385297125132
251.757	0.2738557179286
251.7898	0.27385422080193
252.0296	0.273858850855979
252.0646	0.273859874916819
252.2639	0.2738626146708
252.2979	0.273861124762277
252.5152	0.273867308147078
252.548	0.273864974336132
252.7644	0.273868643756658
252.7964	0.273868815280666
253.0187	0.273872516604829
253.0478	0.273871835963593
253.2662	0.27387551671491
253.2994	0.273878204413791
253.5253	0.273880252413126
253.5563	0.27387874557553
253.7764	0.273881599470622
253.8056	0.273883429310875
254.0254	0.273884608616923
254.0566	0.273883939379818
254.281	0.273887653435364
254.312	0.273889493195812
254.5122	0.273891404171857
254.5452	0.273894091239597
254.7645	0.273895268708998
254.7986	0.273897125258579
255.0219	0.273898324119755
255.0534	0.273898493470795
255.2694	0.273901326879008
255.3016	0.273902336521867
255.5256	0.27390521317438
255.5605	0.273907074119553
255.7642	0.273908168741998
255.7957	0.273909174897396
256.0255	0.273912083119656
256.058	0.27391142110799
256.2744	0.273915094677752
256.305	0.273915259341221
256.5283	0.273919806748948
256.5602	0.273919978320428
256.7645	0.273922750653386
256.7957	0.273923754348688
257.0223	0.273924137315878
257.0527	0.273925137585922
257.2781	0.273928023959589
257.3113	0.27392987622393
257.5127	0.273931796713962
257.546	0.273933649684274
257.7697	0.273934853857934
257.802	0.273934190788518
258.0335	0.273941295053882
258.0627	0.273939778467667
258.2624	0.27394420152627
258.295	0.273945213878787
258.5104	0.273945536959625
258.5359	0.273945674328312
258.7711	0.273952799923919
258.8018	0.273950454628857
259.0278	0.273955019869606
259.06	0.273955193348212
259.2807	0.273954709068186
259.3102	0.27395737984253
259.532	0.273960247321757
259.565	0.273961263251555
259.7705	0.273964882128653
259.8044	0.273965901916821
260.025	0.27396960246696
260.0589	0.273967274266585
260.2607	0.273970873966367
260.2924	0.27397271892548
260.5351	0.273974865261606
260.565	0.273975025643629
260.7669	0.27397946431133
260.8004	0.273979645249665
261.0256	0.273981696613187
261.058	0.273982709517967
261.2831	0.273984761999314
261.3149	0.273988281959774
261.5163	0.273989369306978
261.5516	0.273991234207472
261.7687	0.273994081026574
261.8034	0.273995105595956
262.0306	0.273997169920867
262.0618	0.27399817566186
262.2647	0.274002620686416
262.2971	0.274001707403122
262.5301	0.274004054777183
262.5644	0.274003402083152
262.7666	0.274007844752481
262.7973	0.274010689807276
263.0165	0.274012544700935
263.0485	0.274013554904258
263.2684	0.274016418494481
263.301	0.274015757527533
263.5299	0.274019507278882
263.5633	0.274018850719762
263.7689	0.27402247476307
263.8008	0.274023484631006
264.0228	0.274028872251162
264.056	0.274026539112427
264.2799	0.274030263852348
264.3109	0.274032943518995
264.513	0.274034037368725
264.547	0.274037570882129
264.763	0.274039577772621
264.791	0.274039729543877
265.0183	0.274041797556829
265.0486	0.274044473982976
265.2754	0.274047377353642
265.3064	0.274049219954674
265.5083	0.27405198864934
265.5458	0.274051355295031
265.7776	0.27405428532392
265.8118	0.274053633161054
266.0307	0.274058169289211
266.0601	0.274059167194076
266.2585	0.27406191669281
266.2925	0.274062938509202
266.5187	0.274066677363647
266.5515	0.274066018720704
266.7706	0.274068881045741
266.8029	0.274070732336497
267.0262	0.274073617505832
267.0613	0.274075483062559
267.2586	0.274079066266146
267.2934	0.274078417507228
267.5229	0.274083014143266
267.5535	0.274083179250534
267.7777	0.274087746765059
267.8109	0.274084576367539
268.0169	0.274089882672185
268.0455	0.274090037973945
268.2663	0.274095425207855
268.2996	0.274094768528526
268.5251	0.27409766828626
268.5495	0.274099476201266
268.7728	0.274102364654378
268.8067	0.274102548811371
269.0307	0.274106278879986
269.0612	0.27410812009197
269.2706	0.274110933587932
269.2996	0.27411276669737
269.5172	0.274115624006097
269.5449	0.274114937790789
269.767	0.274119496341368
269.8004	0.274117164581513
270.0247	0.274123410894117
270.0609	0.27412193217888
270.2694	0.274128931018836
270.2998	0.274128258634513
270.5231	0.274130311107869
270.5541	0.274130479627958
270.7661	0.27413582246786
270.799	0.274136001650955
271.0238	0.274139737552962
271.0588	0.274140767039832
271.2693	0.274142750635733
271.3011	0.274143761809047
271.5203	0.274148306823457
271.5509	0.274148473306555
271.7759	0.274153888391853
271.8109	0.274154078997647
272.0093	0.274157674437582
272.0436	0.274157022306101
272.27	0.27416076979098
272.3012	0.274160101696271
272.5291	0.274165533501238
272.5601	0.274164864508835
272.7768	0.27416772255942
272.8107	0.274168744376565
273.0179	0.274173226934831
273.0531	0.274173417802514
273.2834	0.274179702033671
273.3124	0.274179860206032
273.5169	0.274180975237844
273.5491	0.274183665226581
273.764	0.27418567555956
273.7961	0.274187526022876
274.0174	0.274189572396992
274.0486	0.274190580754049
274.2649	0.274196790052071
274.2944	0.274196112960786
274.5209	0.274198187238846
274.5569	0.274200898248002
274.7583	0.274203674276916
274.7906	0.274204688836562
275.0287	0.274208503367033
275.0618	0.274207845812893
275.2777	0.274213216394292
275.3118	0.274213402649358
275.5196	0.274215375691149
275.5512	0.274218064229549
275.7774	0.274220975743317
275.8098	0.274222829363449
276.0215	0.274224824379342
276.0551	0.274225008027305
276.2789	0.274230423165787
276.3111	0.274231437394989
276.5143	0.274236740026625
276.5486	0.274235250775908
276.774	0.274237321640852
276.8112	0.274239201873804
277.0236	0.274242878627757
277.0556	0.274245568963866
277.2701	0.274247580758988
277.3022	0.274248594816028
277.5211	0.274252307703282
277.5552	0.274250818379418
277.7724	0.274257875406101
277.8046	0.274260567172687
278.0294	0.274260958895699
278.0627	0.274261979730731
278.264	0.27426392028391
278.2957	0.274265770923168
278.5151	0.274271164925185
278.5457	0.274271332513765
278.7691	0.274275910397377
278.8011	0.274275247088602
279.0237	0.274280659468032
279.0563	0.274280000372037
279.2834	0.274282920864991
279.3152	0.274283933847655
279.5148	0.274286704751328
279.5475	0.274287722542346
279.7745	0.274292321475262
279.8063	0.274293334466007
280.0089	0.274296961093082
280.0402	0.274297971436305
280.2572	0.274300838765877
280.2903	0.274304375269432
280.5338	0.27430571052628
280.5635	0.27430755097886
280.7661	0.274311178683991
280.7967	0.274313024143925
281.0194	0.27431592343077
281.0484	0.274315243757616
281.2735	0.274319834318617
281.3072	0.274320858100485
281.5251	0.274324570474249
281.5563	0.274324741760174
281.7665	0.274327573452356
281.7976	0.27432774417627
282.0203	0.274334839108357
282.05	0.274333324407066
282.2765	0.274337086090679
282.3073	0.274338093154609
282.5274	0.274342657956345
282.558	0.274343664920516
282.7606	0.274345617033601
282.791	0.274347462084899
283.0101	0.274352021716546
283.0426	0.274352200495997
283.261	0.274355917784042
283.2911	0.274359439383609
283.507	0.274361465120621
283.538	0.27435995746175
284.0138	0.27436928624884
284.0435	0.274371127822178
284.2658	0.274375707101339
284.3024	0.274373391032652
284.5198	0.274377943442562
284.5447	0.274379757884851
284.7777	0.274383558533509
284.8103	0.274382898746313
285.0152	0.274387382888757
285.0453	0.274387548592353
285.263	0.274391264608766
285.2878	0.274393918803982
285.5131	0.274396837565518
285.5455	0.27439617680564
285.77	0.274400770081834
285.8046	0.274403478452756
286.0297	0.274405557440915
286.0697	0.274409135015223
286.2643	0.274411046417282
286.2946	0.274412891131559
286.5116	0.274416605665892
286.5435	0.274415942118206
286.7721	0.27442055932807
286.7868	0.27442147969441
287.0224	0.274424457122508
287.0547	0.27442379576252
287.2609	0.274429968994307
287.2914	0.274430976574024
287.531	0.274435655465967
287.566	0.274433330139984
287.7691	0.274439487077092
287.8034	0.274439676264172
288.0277	0.274444271450689
288.0586	0.274443602409011
288.2626	0.274447246524498
288.2961	0.274449111436024
288.5185	0.274452016651521
288.5473	0.274452175776295
288.7623	0.274455881005397
288.7968	0.274457750557926
289.0197	0.274462339339894
289.051	0.274461672539679
289.2715	0.274467088174467
289.3027	0.274468100045848
289.5201	0.274473498758794
289.5521	0.274472835880553
289.7799	0.274476612320423
289.8119	0.274476789975643
290.011	0.274481248710169
290.0442	0.274480592374389
290.2781	0.274484404020265
290.3105	0.274485422816919
290.531	0.274489160664609
290.5617	0.274491008845209
290.7649	0.274493812703003
290.7957	0.274495662345293
291.0194	0.274499418576932
291.0516	0.274498756749687
291.2777	0.27450420623902
291.3107	0.274504388647598
291.5168	0.274508887909153
291.5482	0.274509221685523
291.7698	0.2745128070064
291.8032	0.274512991945977
292.0303	0.274515927990303
292.0617	0.274517781712817
292.261	0.274522244169893
292.2934	0.274522423493258
292.5237	0.274525377978556
292.5555	0.27452723389819
292.7794	0.274531833333355
292.8118	0.274533693641704
293.0154	0.274535659905734
293.0479	0.274536680050089
293.2703	0.2745404318263
293.3033	0.274541454471923
293.5128	0.274545134927161
293.5461	0.274546159458884
293.7768	0.274549116866468
293.8102	0.274550983102082
294.0246	0.274555531236132
294.058	0.274554876435882
294.2592	0.274556831690381
294.2911	0.274561208922443
294.5133	0.274563281738045
294.5496	0.274565750338078
294.762	0.274568440327154
294.7947	0.274569209909871
295.0314	0.274573884001522
295.0667	0.274574415911973
295.2719	0.274579249967879
295.3028	0.274580261583474
295.7761	0.274585408201551
295.8061	0.274588263467678
296.0092	0.274590062700369
296.0444	0.274592778911519
296.2865	0.274596643687742
296.3189	0.274596823545326
296.5082	0.274600395315133
296.5404	0.274601414442932
296.7774	0.274603571873514
296.8096	0.274606270683589
297.0159	0.274611618160472
297.0508	0.274613492812098
297.268	0.274617220591446
297.3	0.274616558961863
297.5237	0.274620321941941
297.5562	0.274619662112289
297.8011	0.274626065698689
297.8323	0.274626239079451
298.0093	0.274629744122511
298.0396	0.274630753050445
298.2779	0.274635439772515
298.3112	0.274634784390349
298.5212	0.274640994994646
298.553	0.274638649339035
298.7686	0.274646573765112
298.8004	0.274644228762476
299.009	0.274650432285212
299.0397	0.274651443702489
299.277	0.274655285763615
299.3112	0.274657997898452
299.5282	0.274660045820348
299.5617	0.274660232269435
299.7775	0.274665637425072
299.8107	0.274665821146936
300.0123	0.274670305849135
300.0443	0.274670483989002
300.2573	0.274675032697282
300.2929	0.274676912280772
300.5269	0.274680737308321
300.5596	0.274680178660305
300.7634	0.274685417470211
300.7972	0.274684764935501
301.0182	0.27469019885763
301.0518	0.27469290946834
